0.32191628  0.34015538  0.3379283
0.33891086  0.32831846  0.33277068
0.33187546  0.3317003   0.33642425
0.34054118  0.32153854  0.33792027
0.33832956  0.32427601  0.33739444
0.3477538   0.33032678  0.32191942
0.32440313  0.33364704  0.34194983
0.33789036  0.34012026  0.32198938
0.33494367  0.34098031  0.32407602
0.33801002  0.32794359  0.3340464 
0.33127467  0.33125889  0.33746644
0.32526452  0.34670929  0.32802619
0.3322723   0.33378906  0.33393865
0.32263382  0.33191752  0.34544866
0.33384869  0.33166914  0.33448217
0.32674209  0.3429471   0.33031081
0.34266263  0.3337325   0.32360487
0.33873908  0.32781135  0.33344957
0.34221254  0.33290939  0.32487807
0.33529476  0.32677947  0.33792576
0.32250004  0.33965284  0.33784712
0.34145902  0.33229229  0.32624869
0.33050967  0.32873294  0.34075739
0.33618448  0.32904957  0.33476594
0.33478114  0.33888003  0.32633882
0.33647645  0.33824029  0.32528327
0.34053384  0.32488406  0.3345821 
0.32634562  0.33817581  0.33547856
0.34609433  0.32266354  0.33124214
0.32808708  0.33043778  0.34147514
0.32981187  0.3351063   0.33508183
0.32898157  0.33469293  0.3363255 
0.3264673   0.3458582   0.3276745 
0.33357325  0.33452216  0.33190459
0.33820011  0.33488988  0.32691001
0.34269879  0.33449792  0.32280329
0.33606907  0.3353894   0.32854153
0.33158147  0.33818101  0.33023752
0.33567908  0.32593907  0.33838185
0.3331034   0.32969318  0.33720342
0.33105276  0.33130294  0.33764431
0.33052536  0.33231183  0.33716281
0.32532704  0.33398101  0.34069195
0.32990544  0.34296366  0.32713089
0.34085496  0.32396211  0.33518293
0.33902796  0.32648794  0.33448409
0.33666     0.3381678   0.3251722 
0.33957615  0.32605747  0.33436638
0.33489987  0.33942849  0.32567164
0.33170972  0.33075781  0.33753247
0.33663199  0.33458992  0.32877808
0.32570676  0.33464351  0.33964973
0.33171707  0.330449    0.33783392
0.33983074  0.33337347  0.32679579
0.33338562  0.32732027  0.33929411
0.33623895  0.33092858  0.33283247
0.3243208   0.33769093  0.33798827
0.32942646  0.33514534  0.33542819
0.32350545  0.34629401  0.33020055
0.33315911  0.33699911  0.32984177
0.33974156  0.33053925  0.32971919
0.34131682  0.32028353  0.33839965
0.33278569  0.33977452  0.32743979
0.33784003  0.33067169  0.33148829
0.33680717  0.33125948  0.33193335
0.33656238  0.32703619  0.33640143
0.33114715  0.33999048  0.32886237
0.33665596  0.32295041  0.34039363
0.3349981   0.33492456  0.33007733
0.32429016  0.34038093  0.33532891
0.33464486  0.3336977   0.33165744
0.32366358  0.33708344  0.33925298
0.3378574   0.33045636  0.33168624
0.3331458   0.33303335  0.33382085
0.33502826  0.32994825  0.33502349
0.33346681  0.33418745  0.33234573
0.31964707  0.33655693  0.343796  
0.3323433   0.33424739  0.33340931
0.33929386  0.33052523  0.33018091
0.33240491  0.33754056  0.33005453
0.33036135  0.34341352  0.32622513
0.32451929  0.33695714  0.33852357
0.33589661  0.33538001  0.32872339
0.32386109  0.33921482  0.3369241 
0.33822057  0.32053736  0.34124207
0.34380359  0.32994705  0.32624936
0.32509574  0.34053066  0.3343736 
0.34163801  0.32887586  0.32948613
0.33515211  0.33092457  0.33392333
0.32856601  0.33237743  0.33905656
0.34453093  0.32856775  0.32690132
0.33224618  0.33399238  0.33376144
0.33363177  0.33532495  0.33104328
0.33815188  0.33683772  0.3250104 
0.33006309  0.33945917  0.33047773
0.32482827  0.33906225  0.33610948
0.33523384  0.33783501  0.32693115
0.33784706  0.33183297  0.33031997
0.33176221  0.32746707  0.34077072
0.33030516  0.33650786  0.33318698
0.33339708  0.33045665  0.33614627
0.33998278  0.32789013  0.33212708
0.34399159  0.33032818  0.32568023
0.32920457  0.33399401  0.33680142
0.34166284  0.33033234  0.32800483
0.33880739  0.3356252   0.32556742
0.34395799  0.32203699  0.33400502
0.33523125  0.33290735  0.3318614 
0.33096046  0.33500198  0.33403756
0.33543906  0.33322626  0.33133468
0.33147193  0.33314222  0.33538585
0.33405301  0.3332182   0.33272879
0.33763336  0.33511407  0.32725257
0.34736272  0.32750024  0.32513704
0.33607072  0.33268092  0.33124836
0.33369685  0.33642597  0.32987719
0.33080995  0.33234419  0.33684585
0.33840598  0.33167528  0.32991874
0.34275359  0.32683145  0.33041495
0.33381018  0.32762338  0.33856644
0.3448866   0.3152585   0.3398549 
0.33425665  0.33914404  0.32659931
0.32422139  0.34159938  0.33417924
0.33870739  0.33151238  0.32978023
0.33565527  0.33265108  0.33169365
0.33793513  0.32892808  0.33313679
0.33600581  0.32997425  0.33401994
0.33296487  0.33285368  0.33418145
0.3326411   0.3258103   0.3415486 
0.33730982  0.33003162  0.33265856
0.32875246  0.34269176  0.32855579
0.33573387  0.33382498  0.33044115
0.33846599  0.32086067  0.34067334
0.32585207  0.32977033  0.34437761
0.33498451  0.33671976  0.32829572
0.32829897  0.3429774   0.32872363
0.32941152  0.33020528  0.3403832 
0.33639133  0.32997211  0.33363657
0.31825618  0.34775812  0.3339857 
0.32618859  0.33759998  0.33621143
0.32819411  0.34108711  0.33071879
0.33444901  0.32066634  0.34488465
0.32155284  0.33552748  0.34291967
0.32877107  0.33425285  0.33697609
0.33460969  0.32782188  0.33756843
0.33171025  0.32885517  0.33943458
0.3287324   0.32934451  0.34192309
0.3271448   0.33735784  0.33549736
0.33254861  0.33086109  0.3365903 
0.33809821  0.33603097  0.32587082
0.33426053  0.33450251  0.33123695
0.3440911   0.32701686  0.32889205
0.33360142  0.34214918  0.3242494 
0.33818698  0.3327619   0.32905112
0.3401514   0.32177299  0.33807561
0.3240323   0.35068425  0.32528345
0.32592114  0.33563471  0.33844415
0.33766188  0.33396919  0.32836893
0.33999284  0.33310673  0.32690043
0.32826703  0.34918833  0.32254464
0.33834162  0.3247833   0.33687508
0.33159778  0.3270735   0.34132872
0.32834145  0.34968733  0.32197122
0.32675358  0.33823582  0.3350106 
0.33353545  0.33513466  0.33132989
0.33797901  0.33134213  0.33067885
0.32303716  0.33590214  0.3410607 
0.32868432  0.34063151  0.33068417
0.33299284  0.3318416   0.33516556
0.33331411  0.32927992  0.33740597
0.33711427  0.33080962  0.33207611
0.33035528  0.33554085  0.33410387
0.33499722  0.33787119  0.32713159
0.33563377  0.3428376   0.32152863
0.33490892  0.32562995  0.33946113
0.32923092  0.32890363  0.34186545
0.34000899  0.33862967  0.32136134
0.3300923   0.33937956  0.33052814
0.33737864  0.34381392  0.31880744
0.33022828  0.34047666  0.32929506
0.32604592  0.33704147  0.33691261
0.3368567   0.32521889  0.33792442
0.33941896  0.33385966  0.32672138
0.32773433  0.33456197  0.33770369
0.3217103   0.33389789  0.3443918 
0.33633923  0.3344135   0.32924727
0.32557163  0.3381714   0.33625696
0.32416329  0.33502829  0.34080842
0.32946588  0.33659198  0.33394214
0.32480849  0.3377172   0.33747431
0.33406431  0.33596141  0.32997429
0.32638906  0.3321706   0.34144034
0.3328394   0.32685049  0.34031011
0.33636165  0.32320615  0.34043221
0.32519966  0.33670464  0.3380957 
0.33683335  0.33327702  0.32988963
0.32540264  0.33768295  0.33691441
0.35237961  0.32592242  0.32169797
0.33384105  0.33745348  0.32870547
0.32715019  0.33875827  0.33409154
0.33813388  0.32846658  0.33339955
0.33271382  0.32678372  0.34050246
0.33061822  0.33372194  0.33565983
0.33012781  0.33783526  0.33203693
0.33534326  0.3364511   0.32820564
0.33325829  0.33669915  0.33004256
0.32234373  0.33888892  0.33876735
0.32809396  0.34095326  0.33095278
0.32538565  0.34414539  0.33046897
0.33219916  0.32404357  0.34375727
0.33714176  0.33040449  0.33245375
0.34020744  0.34183699  0.31795556
0.33069548  0.34001274  0.32929178
0.33799946  0.3204493   0.34155124
0.34720381  0.3223117   0.33048449
0.3305142   0.33827935  0.33120645
0.34140886  0.33019252  0.32839862
0.3305902   0.33712957  0.33228023
0.33562176  0.34246006  0.32191818
0.33851935  0.32472425  0.33675639
0.32745344  0.34137001  0.33117655
0.32957787  0.33619571  0.33422642
0.32193896  0.34302287  0.33503817
0.32023041  0.34154435  0.33822524
0.33095019  0.32936132  0.33968849
0.33025363  0.3361734   0.33357297
0.3434743   0.32719858  0.32932712
0.33756859  0.33027452  0.33215689
0.34489311  0.32613066  0.32897623
0.33497434  0.32916584  0.33585982
0.33832175  0.32817342  0.33350483
0.33035071  0.33921249  0.3304368 
0.34644993  0.33128801  0.32226206
0.33589016  0.32955403  0.33455581
0.33582825  0.33308781  0.33108394
0.33960026  0.31870484  0.34169489
0.3285051   0.3308835   0.3406114 
0.33208203  0.34199444  0.32592353
0.32193749  0.33592752  0.34213498
0.34571442  0.32850244  0.32578314
0.33709428  0.33560663  0.32729908
0.33330719  0.33946201  0.32723079
0.33849552  0.3251509   0.33635358
0.33453454  0.33578919  0.32967627
0.33861404  0.32618667  0.33519929
0.33346523  0.33575566  0.33077912
0.33221525  0.33308044  0.33470432
0.33871567  0.33022886  0.33105547
0.33373054  0.32984809  0.33642138
0.33221234  0.33819589  0.32959177
0.32969077  0.3372372   0.33307203
0.33382476  0.32556958  0.34060566
0.34441965  0.32425522  0.33132513
0.33898764  0.33989041  0.32112196
0.32793341  0.33549944  0.33656715
0.34139347  0.33704108  0.32156545
0.33963847  0.33321329  0.32714824
0.3333434   0.32303145  0.34362514
0.33272592  0.33848886  0.32878522
0.32335704  0.3462198   0.33042316
0.32367223  0.33178629  0.34454148
0.34775762  0.33533441  0.31690797
0.33652989  0.33736982  0.32610029
0.33549488  0.33581543  0.32868969
0.34167589  0.32028228  0.33804183
0.32775996  0.33722378  0.33501626
0.3310277   0.33714252  0.33182979
0.32671436  0.3330453   0.34024034
0.33990054  0.32667256  0.3334269 
0.33785778  0.33536314  0.32677908
0.33838795  0.32854623  0.33306582
0.33739231  0.33338937  0.32921832
0.34066322  0.32737496  0.33196182
0.33466837  0.33122364  0.33410799
0.33217723  0.32840096  0.33942181
0.33951242  0.33203572  0.32845185
0.34068107  0.32995681  0.32936212
0.33156571  0.33418411  0.33425019
0.32403647  0.33468781  0.34127572
0.34010531  0.32893615  0.33095854
0.33147451  0.32769155  0.34083394
0.32981319  0.32760658  0.34258023
0.33931144  0.33701859  0.32366997
0.33357148  0.33881676  0.32761176
0.33463758  0.33879068  0.32657174
0.33140566  0.33620794  0.33238641
0.32593423  0.33809744  0.33596834
0.32936274  0.32695724  0.34368001
0.32024316  0.34145028  0.33830656
0.33716042  0.32796741  0.33487217
0.33945354  0.32627341  0.33427305
0.33400028  0.32758964  0.33841008
0.3290691   0.32981466  0.34111623
0.332475    0.33069879  0.33682622
0.33350927  0.32755101  0.33893972
0.33904933  0.3332522   0.32769847
0.32933558  0.33971752  0.33094689
0.33399215  0.33488464  0.33112321
0.33257198  0.33349045  0.33393756
0.33244501  0.33621225  0.33134274
0.33361433  0.34117947  0.32520619
0.33808746  0.33670759  0.32520496
0.33311202  0.32925415  0.33763383
0.33384011  0.33416782  0.33199207
0.33913078  0.3253377   0.33553152
0.33547312  0.3293391   0.33518778
0.33794393  0.33359324  0.32846283
0.33494246  0.33108254  0.33397501
0.33834123  0.32744742  0.33421135
0.33967239  0.32802554  0.33230207
0.33099837  0.33552913  0.3334725 
0.31969806  0.33451982  0.34578212
0.34135115  0.33034444  0.32830441
0.33719659  0.33291229  0.32989113
0.32788273  0.3500107   0.32210657
0.33167751  0.33433441  0.33398808
0.34233284  0.32309006  0.3345771 
0.32797788  0.33228431  0.33973781
0.3334442   0.32922847  0.33732733
0.32783821  0.33881602  0.33334577
0.32803488  0.33713731  0.33482782
0.33356424  0.32907274  0.33736303
0.3433717   0.33072375  0.32590455
0.32684282  0.33785016  0.33530702