0.877 0.099 0.024
0.808 0.086 0.106
0.709 0.120 0.171
0.860 0.025 0.115
0.868 0.065 0.067
0.844 0.046 0.109
0.697 0.081 0.221
0.794 0.099 0.107
0.709 0.078 0.213
0.808 0.076 0.116
0.857 0.056 0.087
0.835 0.073 0.092
0.832 0.046 0.122
0.843 0.093 0.064
0.704 0.136 0.159
0.678 0.152 0.170
0.713 0.142 0.145
0.812 0.089 0.099
0.579 0.254 0.166
0.805 0.130 0.065
0.730 0.091 0.179
0.749 0.099 0.152
0.741 0.088 0.172
0.816 0.112 0.072
0.865 0.088 0.047
0.786 0.092 0.122
0.766 0.077 0.158
0.767 0.082 0.151
0.737 0.074 0.190
0.714 0.107 0.180
0.619 0.369 0.012
0.742 0.123 0.135
0.796 0.064 0.140
0.949 0.014 0.038
0.610 0.181 0.209
0.642 0.173 0.185
0.820 0.076 0.105
0.846 0.103 0.052
0.745 0.124 0.131
0.799 0.164 0.037
0.833 0.071 0.095
0.685 0.089 0.227
0.844 0.085 0.071
0.695 0.112 0.193
0.624 0.170 0.206
0.770 0.088 0.141
0.700 0.096 0.204
0.781 0.103 0.116
0.857 0.097 0.045
0.001 0.445 0.554
0.000 0.484 0.516
0.001 0.454 0.546
0.000 0.456 0.544
0.001 0.469 0.530
0.000 0.471 0.528
0.000 0.462 0.537
0.000 0.458 0.542
0.002 0.495 0.503
0.000 0.468 0.532
0.000 0.478 0.522
0.000 0.474 0.526
0.000 0.437 0.563
0.000 0.432 0.568
0.001 0.469 0.531
0.003 0.438 0.558
0.000 0.486 0.514
0.000 0.481 0.519
0.001 0.468 0.531
0.005 0.454 0.541
0.000 0.472 0.528
0.001 0.489 0.510
0.000 0.459 0.541
0.000 0.484 0.516
0.003 0.434 0.562
0.000 0.485 0.515
0.001 0.457 0.542
0.000 0.477 0.523
0.002 0.485 0.513
0.000 0.463 0.536
0.001 0.435 0.565
0.001 0.466 0.533
0.001 0.487 0.512
0.000 0.446 0.554
0.002 0.449 0.549
0.000 0.478 0.522
0.000 0.466 0.534
0.001 0.448 0.551
0.000 0.435 0.565
0.001 0.498 0.502
0.000 0.471 0.528
0.003 0.464 0.533
0.001 0.458 0.542
0.000 0.462 0.538
0.000 0.467 0.533
0.002 0.486 0.512
0.000 0.455 0.545
0.000 0.461 0.539
0.001 0.471 0.528
0.000 0.493 0.507
0.000 0.474 0.526
0.000 0.427 0.573
0.001 0.493 0.507
0.001 0.480 0.519
0.000 0.496 0.504
0.001 0.444 0.555
0.001 0.478 0.521
0.000 0.490 0.510
0.003 0.487 0.510
0.002 0.500 0.498
0.002 0.444 0.555
0.000 0.475 0.525
0.000 0.455 0.545
0.000 0.439 0.561
0.001 0.493 0.506
0.001 0.452 0.547
0.003 0.510 0.487
0.000 0.459 0.541
0.000 0.494 0.506
0.001 0.475 0.525
0.000 0.495 0.505
0.002 0.477 0.521
0.000 0.448 0.552
0.010 0.473 0.516
0.003 0.491 0.506
0.001 0.468 0.531
0.002 0.473 0.526
0.001 0.452 0.547
0.000 0.492 0.507
0.000 0.459 0.540
0.002 0.440 0.558
0.003 0.415 0.582
0.006 0.462 0.533
0.000 0.441 0.559
0.000 0.465 0.534
0.003 0.488 0.509
0.001 0.465 0.534
0.003 0.490 0.507
0.000 0.461 0.538
0.001 0.460 0.539
0.002 0.492 0.506
0.000 0.445 0.555
0.001 0.457 0.543
0.001 0.464 0.535
0.000 0.466 0.534
0.000 0.483 0.517
0.002 0.433 0.565
0.001 0.484 0.515
0.001 0.464 0.535
0.000 0.494 0.506
0.000 0.481 0.519
0.001 0.439 0.560
0.000 0.478 0.522
0.000 0.477 0.522
0.000 0.465 0.535
0.004 0.500 0.496
0.014 0.554 0.432
0.000 0.475 0.525
0.003 0.437 0.559
0.000 0.461 0.539
0.000 0.435 0.565
0.002 0.490 0.508
0.083 0.913 0.004
0.067 0.931 0.002
0.076 0.858 0.067
0.126 0.869 0.005
0.047 0.683 0.271
0.043 0.733 0.224
0.073 0.922 0.006
0.026 0.689 0.285
0.073 0.831 0.096
0.060 0.935 0.005
0.049 0.915 0.036
0.049 0.939 0.012
0.061 0.936 0.003
0.060 0.788 0.152
0.071 0.829 0.099
0.038 0.556 0.406
0.051 0.713 0.236
0.070 0.689 0.241
0.020 0.724 0.256
0.047 0.770 0.183
0.073 0.925 0.003
0.094 0.863 0.044
0.064 0.857 0.080
0.114 0.847 0.039
0.113 0.871 0.016
0.022 0.977 0.001
0.044 0.920 0.035
0.057 0.933 0.010
0.072 0.872 0.056
0.048 0.722 0.230
0.078 0.891 0.032
0.056 0.931 0.013
0.029 0.958 0.013
0.086 0.601 0.314
0.066 0.903 0.031
0.070 0.927 0.004
0.047 0.707 0.245
0.088 0.802 0.110
0.076 0.907 0.016
0.048 0.769 0.183
0.090 0.903 0.007
0.089 0.893 0.018
0.097 0.828 0.075
0.069 0.917 0.015
0.073 0.895 0.032
0.055 0.734 0.211
0.100 0.821 0.079
0.035 0.962 0.003
0.019 0.495 0.487
0.044 0.746 0.210
0.980 0.000 0.020
0.983 0.001 0.016
0.983 0.002 0.014
0.980 0.003 0.017
0.976 0.002 0.022
0.980 0.002 0.018
0.992 0.002 0.006
0.970 0.000 0.029
0.976 0.011 0.012
0.979 0.005 0.016
0.973 0.004 0.023
0.966 0.003 0.030
0.981 0.010 0.009
0.964 0.013 0.022
0.982 0.000 0.018
0.991 0.007 0.002
0.982 0.002 0.016
0.973 0.015 0.012
0.969 0.002 0.028
0.980 0.005 0.015
0.968 0.001 0.031
0.968 0.011 0.021
0.977 0.008 0.015
0.983 0.006 0.011
0.985 0.002 0.013
0.969 0.009 0.022
0.986 0.008 0.006
0.970 0.015 0.015
0.979 0.001 0.020
0.970 0.009 0.020
0.976 0.005 0.019
0.980 0.001 0.019
0.971 0.004 0.025
0.977 0.012 0.011
0.972 0.009 0.019
0.977 0.002 0.021
0.969 0.017 0.013
0.970 0.002 0.028
0.970 0.004 0.026
0.982 0.004 0.015
0.955 0.002 0.043
0.978 0.006 0.016
0.979 0.002 0.020
0.973 0.011 0.016
0.976 0.003 0.020
0.970 0.014 0.016
0.964 0.006 0.030
0.974 0.008 0.018
0.982 0.006 0.012
0.980 0.009 0.011
0.964 0.004 0.032
0.979 0.002 0.019
0.986 0.005 0.009
0.971 0.003 0.027
0.985 0.000 0.014
0.974 0.001 0.025
0.977 0.009 0.014
0.971 0.001 0.028
0.983 0.001 0.017
0.990 0.002 0.008
0.980 0.019 0.001
0.969 0.004 0.027
0.971 0.004 0.025
0.967 0.001 0.033
0.971 0.010 0.019
0.969 0.000 0.031
0.972 0.006 0.021
0.954 0.007 0.039
0.973 0.003 0.023
0.964 0.010 0.026
0.983 0.011 0.006
0.981 0.000 0.019
0.970 0.008 0.022
0.975 0.006 0.019
0.975 0.008 0.017
0.980 0.007 0.013
0.982 0.016 0.002
0.983 0.003 0.015
0.986 0.005 0.009
0.971 0.005 0.024
0.982 0.017 0.001
0.973 0.007 0.020
0.970 0.000 0.030
0.985 0.014 0.001
0.980 0.012 0.008
0.974 0.007 0.019
0.971 0.009 0.020
0.963 0.011 0.026
0.964 0.008 0.027
0.961 0.003 0.036
0.976 0.006 0.018
0.968 0.016 0.016
0.978 0.006 0.016
0.979 0.003 0.018
0.967 0.008 0.024
0.976 0.010 0.014
0.970 0.010 0.021
0.969 0.003 0.028
0.966 0.001 0.033
0.970 0.013 0.017
0.978 0.000 0.022
0.987 0.006 0.007
0.975 0.001 0.024
0.972 0.023 0.004
0.980 0.009 0.011
0.981 0.008 0.011
0.974 0.010 0.017
0.965 0.001 0.034
0.974 0.003 0.022
0.986 0.013 0.001
0.992 0.002 0.006
0.982 0.005 0.013
0.967 0.012 0.021