0.051 0.092 0.857
0.027 0.152 0.821
0.134 0.158 0.708
0.052 0.109 0.839
0.068 0.065 0.867
0.086 0.079 0.835
0.128 0.188 0.685
0.099 0.107 0.794
0.077 0.216 0.708
0.111 0.091 0.798
0.058 0.080 0.863
0.085 0.076 0.840
0.059 0.113 0.828
0.095 0.073 0.832
0.116 0.186 0.698
0.075 0.244 0.681
0.046 0.236 0.719
0.100 0.105 0.794
0.205 0.238 0.558
0.176 0.020 0.803
0.118 0.154 0.728
0.151 0.120 0.729
0.046 0.226 0.728
0.101 0.086 0.813
0.112 0.031 0.857
0.088 0.127 0.785
0.153 0.071 0.776
0.145 0.095 0.760
0.101 0.169 0.729
0.129 0.159 0.712
0.351 0.069 0.579
0.149 0.128 0.723
0.079 0.129 0.791
0.046 0.016 0.938
0.201 0.201 0.599
0.107 0.270 0.623
0.078 0.097 0.824
0.082 0.069 0.849
0.104 0.155 0.741
0.084 0.139 0.777
0.089 0.085 0.826
0.113 0.214 0.673
0.109 0.059 0.832
0.084 0.228 0.688
0.076 0.295 0.629
0.073 0.165 0.762
0.099 0.212 0.689
0.196 0.021 0.783
0.046 0.098 0.856
0.194 0.805 0.002
0.280 0.720 0.000
0.235 0.765 0.000
0.241 0.758 0.000
0.221 0.779 0.000
0.201 0.796 0.002
0.235 0.765 0.000
0.214 0.786 0.000
0.237 0.763 0.000
0.231 0.769 0.000
0.214 0.785 0.001
0.243 0.756 0.000
0.209 0.786 0.005
0.058 0.934 0.009
0.171 0.823 0.006
0.100 0.900 0.000
0.165 0.833 0.002
0.243 0.755 0.002
0.185 0.815 0.000
0.180 0.820 0.000
0.261 0.738 0.002
0.254 0.744 0.002
0.166 0.834 0.001
0.281 0.719 0.000
0.155 0.836 0.009
0.237 0.761 0.002
0.230 0.770 0.000
0.265 0.734 0.000
0.129 0.871 0.000
0.250 0.743 0.006
0.180 0.819 0.001
0.176 0.820 0.004
0.216 0.778 0.006
0.068 0.914 0.018
0.272 0.727 0.000
0.237 0.763 0.000
0.246 0.754 0.001
0.157 0.842 0.000
0.204 0.796 0.000
0.292 0.707 0.000
0.260 0.740 0.000
0.269 0.729 0.002
0.233 0.767 0.000
0.257 0.742 0.001
0.265 0.735 0.000
0.243 0.757 0.000
0.152 0.848 0.001
0.172 0.828 0.000
0.251 0.748 0.000
0.184 0.815 0.001
0.241 0.759 0.000
0.078 0.913 0.008
0.125 0.874 0.000
0.238 0.762 0.000
0.230 0.769 0.000
0.236 0.762 0.002
0.239 0.760 0.001
0.258 0.741 0.000
0.147 0.851 0.002
0.305 0.695 0.000
0.252 0.747 0.001
0.211 0.787 0.002
0.144 0.856 0.000
0.206 0.794 0.000
0.221 0.778 0.000
0.092 0.908 0.000
0.297 0.695 0.009
0.144 0.856 0.000
0.217 0.783 0.000
0.194 0.806 0.000
0.252 0.747 0.000
0.220 0.772 0.008
0.128 0.869 0.003
0.215 0.778 0.007
0.268 0.732 0.000
0.157 0.830 0.013
0.211 0.780 0.009
0.115 0.885 0.000
0.213 0.787 0.000
0.126 0.874 0.000
0.233 0.761 0.007
0.228 0.771 0.002
0.256 0.742 0.002
0.226 0.774 0.000
0.212 0.788 0.000
0.265 0.734 0.001
0.145 0.854 0.001
0.261 0.739 0.000
0.136 0.864 0.000
0.249 0.747 0.004
0.229 0.770 0.000
0.174 0.821 0.006
0.180 0.820 0.000
0.189 0.810 0.000
0.248 0.751 0.001
0.245 0.755 0.000
0.162 0.837 0.001
0.286 0.714 0.000
0.229 0.771 0.000
0.226 0.774 0.000
0.125 0.874 0.000
0.209 0.790 0.001
0.258 0.742 0.001
0.238 0.761 0.001
0.078 0.922 0.000
0.229 0.771 0.000
0.195 0.803 0.002
0.268 0.729 0.003
0.232 0.768 0.000
0.240 0.760 0.000
0.249 0.749 0.002
0.323 0.674 0.003
0.887 0.069 0.043
0.947 0.038 0.015
0.830 0.136 0.034
0.861 0.071 0.069
0.582 0.404 0.014
0.635 0.346 0.019
0.951 0.022 0.027
0.617 0.377 0.006
0.776 0.186 0.038
0.966 0.019 0.015
0.975 0.014 0.011
0.980 0.014 0.006
0.951 0.028 0.021
0.772 0.203 0.026
0.826 0.148 0.027
0.452 0.526 0.021
0.643 0.330 0.028
0.627 0.321 0.052
0.586 0.413 0.000
0.682 0.290 0.028
0.978 0.003 0.019
0.872 0.073 0.055
0.902 0.078 0.020
0.765 0.178 0.057
0.948 0.000 0.052
0.986 0.014 0.000
0.920 0.068 0.011
0.793 0.200 0.007
0.954 0.008 0.038
0.665 0.314 0.021
0.870 0.095 0.035
0.972 0.015 0.013
0.966 0.027 0.006
0.503 0.425 0.072
0.968 0.001 0.030
0.964 0.013 0.023
0.630 0.346 0.024
0.830 0.118 0.052
0.877 0.081 0.042
0.892 0.091 0.017
0.914 0.040 0.046
0.946 0.014 0.039
0.705 0.248 0.047
0.918 0.041 0.040
0.941 0.023 0.037
0.638 0.323 0.039
0.861 0.080 0.059
0.998 0.000 0.002
0.371 0.607 0.023
0.638 0.358 0.004
0.003 0.009 0.988
0.001 0.009 0.991
0.030 0.002 0.969
0.009 0.010 0.981
0.016 0.009 0.976
0.019 0.007 0.975
0.003 0.017 0.980
0.035 0.004 0.961
0.019 0.011 0.970
0.012 0.021 0.968
0.018 0.001 0.981
0.013 0.023 0.963
0.020 0.010 0.969
0.019 0.016 0.965
0.006 0.009 0.985
0.014 0.003 0.983
0.006 0.012 0.982
0.030 0.009 0.962
0.006 0.027 0.967
0.017 0.005 0.977
0.024 0.001 0.975
0.027 0.021 0.951
0.017 0.003 0.980
0.000 0.014 0.986
0.005 0.005 0.991
0.015 0.011 0.974
0.013 0.005 0.982
0.012 0.011 0.977
0.004 0.014 0.981
0.027 0.006 0.967
0.009 0.009 0.982
0.014 0.029 0.957
0.015 0.015 0.970
0.016 0.008 0.976
0.017 0.010 0.973
0.018 0.016 0.966
0.035 0.014 0.951
0.028 0.003 0.969
0.010 0.000 0.990
0.006 0.003 0.992
0.045 0.007 0.948
0.010 0.001 0.989
0.000 0.021 0.979
0.009 0.021 0.970
0.017 0.012 0.971
0.027 0.003 0.970
0.026 0.011 0.962
0.004 0.023 0.973
0.011 0.009 0.980
0.007 0.022 0.971
0.013 0.021 0.966
0.024 0.003 0.973
0.016 0.010 0.974
0.023 0.019 0.958
0.010 0.009 0.981
0.000 0.028 0.972
0.021 0.009 0.970
0.033 0.004 0.963
0.015 0.000 0.984
0.016 0.015 0.969
0.008 0.020 0.972
0.033 0.001 0.966
0.012 0.016 0.972
0.033 0.006 0.961
0.020 0.007 0.973
0.018 0.010 0.972
0.009 0.018 0.974
0.017 0.029 0.955
0.014 0.032 0.954
0.025 0.002 0.973
0.011 0.004 0.985
0.013 0.006 0.981
0.026 0.001 0.973
0.014 0.013 0.973
0.027 0.001 0.971
0.015 0.022 0.963
0.021 0.005 0.974
0.000 0.021 0.979
0.001 0.016 0.982
0.010 0.024 0.966
0.034 0.003 0.962
0.010 0.022 0.969
0.007 0.019 0.974
0.008 0.018 0.975
0.001 0.023 0.976
0.015 0.005 0.980
0.024 0.006 0.970
0.055 0.000 0.944
0.011 0.023 0.966
0.022 0.010 0.968
0.010 0.012 0.978
0.016 0.014 0.970
0.020 0.001 0.979
0.020 0.022 0.958
0.011 0.018 0.971
0.022 0.014 0.965
0.002 0.032 0.966
0.016 0.014 0.971
0.021 0.013 0.966
0.013 0.021 0.966
0.002 0.023 0.975
0.002 0.010 0.988
0.026 0.006 0.969
0.035 0.000 0.965
0.030 0.000 0.970
0.010 0.017 0.973
0.018 0.005 0.976
0.018 0.000 0.981
0.011 0.013 0.975
0.021 0.009 0.971
0.011 0.003 0.986
0.004 0.004 0.992
0.037 0.002 0.961