

----------------------------------------------------
STRUCTURE by Pritchard, Stephens and Donnelly (2000)
     and Falush, Stephens and Pritchard (2003)
       Code by Pritchard, Falush and Hubisz
             Version 2.3.4 (Jul 2012)
----------------------------------------------------



Command line arguments:   ./structure -i ../hapmap3.ped 
Input File:    ../hapmap3.ped

Run parameters:
   324 individuals
   13928 loci
   3 populations assumed
   200 Burn-in period
   100 Reps


--------------------------------------------
Overall proportion of membership of the
sample in each of the 3 clusters

Inferred Clusters
  1      2      3    
0.220  0.320  0.459  

--------------------------------------------

Allele-freq. divergence among pops (Net nucleotide distance),
computed using point estimates of P.

      1       2       3      
 1      -    0.0205  0.0573  
 2   0.0205     -    0.0620  
 3   0.0573  0.0620     -    

Average distances (expected heterozygosity) between individuals in same cluster:
cluster  1  : 0.2686 
cluster  2  : 0.2649 
cluster  3  : 0.2792 

--------------------------------------------
Estimated Ln Prob of Data   = -4311096.0
Mean value of ln likelihood = -3823177.7
Variance of ln likelihood   = 975836.6
Mean value of alpha         = 0.2617

Mean value of Fst_1         = 0.1007
Mean value of Fst_2         = 0.1244
Mean value of Fst_3         = 0.2123


Inferred ancestry of individuals:
     (%Miss) :  Inferred clusters
0.051 0.092 0.857 
0.027 0.152 0.821 
0.134 0.158 0.708 
0.052 0.109 0.839 
0.068 0.065 0.867 
0.086 0.079 0.835 
0.128 0.188 0.685 
0.099 0.107 0.794 
0.077 0.216 0.708 
0.111 0.091 0.798 
0.058 0.080 0.863 
0.085 0.076 0.840 
0.059 0.113 0.828 
0.095 0.073 0.832 
0.116 0.186 0.698 
0.075 0.244 0.681 
0.046 0.236 0.719 
0.100 0.105 0.794 
0.205 0.238 0.558 
0.176 0.020 0.803 
0.118 0.154 0.728 
0.151 0.120 0.729 
0.046 0.226 0.728 
0.101 0.086 0.813 
0.112 0.031 0.857 
0.088 0.127 0.785 
0.153 0.071 0.776 
0.145 0.095 0.760 
0.101 0.169 0.729 
0.129 0.159 0.712 
0.351 0.069 0.579 
0.149 0.128 0.723 
0.079 0.129 0.791 
0.046 0.016 0.938 
0.201 0.201 0.599 
0.107 0.270 0.623 
0.078 0.097 0.824 
0.082 0.069 0.849 
0.104 0.155 0.741 
0.084 0.139 0.777 
0.089 0.085 0.826 
0.113 0.214 0.673 
0.109 0.059 0.832 
0.084 0.228 0.688 
0.076 0.295 0.629 
0.073 0.165 0.762 
0.099 0.212 0.689 
0.196 0.021 0.783 
0.046 0.098 0.856 
0.194 0.805 0.002 
0.280 0.720 0.000 
0.235 0.765 0.000 
0.241 0.758 0.000 
0.221 0.779 0.000 
0.201 0.796 0.002 
0.235 0.765 0.000 
0.214 0.786 0.000 
0.237 0.763 0.000 
0.231 0.769 0.000 
0.214 0.785 0.001 
0.243 0.756 0.000 
0.209 0.786 0.005 
0.058 0.934 0.009 
0.171 0.823 0.006 
0.100 0.900 0.000 
0.165 0.833 0.002 
0.243 0.755 0.002 
0.185 0.815 0.000 
0.180 0.820 0.000 
0.261 0.738 0.002 
0.254 0.744 0.002 
0.166 0.834 0.001 
0.281 0.719 0.000 
0.155 0.836 0.009 
0.237 0.761 0.002 
0.230 0.770 0.000 
0.265 0.734 0.000 
0.129 0.871 0.000 
0.250 0.743 0.006 
0.180 0.819 0.001 
0.176 0.820 0.004 
0.216 0.778 0.006 
0.068 0.914 0.018 
0.272 0.727 0.000 
0.237 0.763 0.000 
0.246 0.754 0.001 
0.157 0.842 0.000 
0.204 0.796 0.000 
0.292 0.707 0.000 
0.260 0.740 0.000 
0.269 0.729 0.002 
0.233 0.767 0.000 
0.257 0.742 0.001 
0.265 0.735 0.000 
0.243 0.757 0.000 
0.152 0.848 0.001 
0.172 0.828 0.000 
0.251 0.748 0.000 
0.184 0.815 0.001 
0.241 0.759 0.000 
0.078 0.913 0.008 
0.125 0.874 0.000 
0.238 0.762 0.000 
0.230 0.769 0.000 
0.236 0.762 0.002 
0.239 0.760 0.001 
0.258 0.741 0.000 
0.147 0.851 0.002 
0.305 0.695 0.000 
0.252 0.747 0.001 
0.211 0.787 0.002 
0.144 0.856 0.000 
0.206 0.794 0.000 
0.221 0.778 0.000 
0.092 0.908 0.000 
0.297 0.695 0.009 
0.144 0.856 0.000 
0.217 0.783 0.000 
0.194 0.806 0.000 
0.252 0.747 0.000 
0.220 0.772 0.008 
0.128 0.869 0.003 
0.215 0.778 0.007 
0.268 0.732 0.000 
0.157 0.830 0.013 
0.211 0.780 0.009 
0.115 0.885 0.000 
0.213 0.787 0.000 
0.126 0.874 0.000 
0.233 0.761 0.007 
0.228 0.771 0.002 
0.256 0.742 0.002 
0.226 0.774 0.000 
0.212 0.788 0.000 
0.265 0.734 0.001 
0.145 0.854 0.001 
0.261 0.739 0.000 
0.136 0.864 0.000 
0.249 0.747 0.004 
0.229 0.770 0.000 
0.174 0.821 0.006 
0.180 0.820 0.000 
0.189 0.810 0.000 
0.248 0.751 0.001 
0.245 0.755 0.000 
0.162 0.837 0.001 
0.286 0.714 0.000 
0.229 0.771 0.000 
0.226 0.774 0.000 
0.125 0.874 0.000 
0.209 0.790 0.001 
0.258 0.742 0.001 
0.238 0.761 0.001 
0.078 0.922 0.000 
0.229 0.771 0.000 
0.195 0.803 0.002 
0.268 0.729 0.003 
0.232 0.768 0.000 
0.240 0.760 0.000 
0.249 0.749 0.002 
0.323 0.674 0.003 
0.887 0.069 0.043 
0.947 0.038 0.015 
0.830 0.136 0.034 
0.861 0.071 0.069 
0.582 0.404 0.014 
0.635 0.346 0.019 
0.951 0.022 0.027 
0.617 0.377 0.006 
0.776 0.186 0.038 
0.966 0.019 0.015 
0.975 0.014 0.011 
0.980 0.014 0.006 
0.951 0.028 0.021 
0.772 0.203 0.026 
0.826 0.148 0.027 
0.452 0.526 0.021 
0.643 0.330 0.028 
0.627 0.321 0.052 
0.586 0.413 0.000 
0.682 0.290 0.028 
0.978 0.003 0.019 
0.872 0.073 0.055 
0.902 0.078 0.020 
0.765 0.178 0.057 
0.948 0.000 0.052 
0.986 0.014 0.000 
0.920 0.068 0.011 
0.793 0.200 0.007 
0.954 0.008 0.038 
0.665 0.314 0.021 
0.870 0.095 0.035 
0.972 0.015 0.013 
0.966 0.027 0.006 
0.503 0.425 0.072 
0.968 0.001 0.030 
0.964 0.013 0.023 
0.630 0.346 0.024 
0.830 0.118 0.052 
0.877 0.081 0.042 
0.892 0.091 0.017 
0.914 0.040 0.046 
0.946 0.014 0.039 
0.705 0.248 0.047 
0.918 0.041 0.040 
0.941 0.023 0.037 
0.638 0.323 0.039 
0.861 0.080 0.059 
0.998 0.000 0.002 
0.371 0.607 0.023 
0.638 0.358 0.004 
0.003 0.009 0.988 
0.001 0.009 0.991 
0.030 0.002 0.969 
0.009 0.010 0.981 
0.016 0.009 0.976 
0.019 0.007 0.975 
0.003 0.017 0.980 
0.035 0.004 0.961 
0.019 0.011 0.970 
0.012 0.021 0.968 
0.018 0.001 0.981 
0.013 0.023 0.963 
0.020 0.010 0.969 
0.019 0.016 0.965 
0.006 0.009 0.985 
0.014 0.003 0.983 
0.006 0.012 0.982 
0.030 0.009 0.962 
0.006 0.027 0.967 
0.017 0.005 0.977 
0.024 0.001 0.975 
0.027 0.021 0.951 
0.017 0.003 0.980 
0.000 0.014 0.986 
0.005 0.005 0.991 
0.015 0.011 0.974 
0.013 0.005 0.982 
0.012 0.011 0.977 
0.004 0.014 0.981 
0.027 0.006 0.967 
0.009 0.009 0.982 
0.014 0.029 0.957 
0.015 0.015 0.970 
0.016 0.008 0.976 
0.017 0.010 0.973 
0.018 0.016 0.966 
0.035 0.014 0.951 
0.028 0.003 0.969 
0.010 0.000 0.990 
0.006 0.003 0.992 
0.045 0.007 0.948 
0.010 0.001 0.989 
0.000 0.021 0.979 
0.009 0.021 0.970 
0.017 0.012 0.971 
0.027 0.003 0.970 
0.026 0.011 0.962 
0.004 0.023 0.973 
0.011 0.009 0.980 
0.007 0.022 0.971 
0.013 0.021 0.966 
0.024 0.003 0.973 
0.016 0.010 0.974 
0.023 0.019 0.958 
0.010 0.009 0.981 
0.000 0.028 0.972 
0.021 0.009 0.970 
0.033 0.004 0.963 
0.015 0.000 0.984 
0.016 0.015 0.969 
0.008 0.020 0.972 
0.033 0.001 0.966 
0.012 0.016 0.972 
0.033 0.006 0.961 
0.020 0.007 0.973 
0.018 0.010 0.972 
0.009 0.018 0.974 
0.017 0.029 0.955 
0.014 0.032 0.954 
0.025 0.002 0.973 
0.011 0.004 0.985 
0.013 0.006 0.981 
0.026 0.001 0.973 
0.014 0.013 0.973 
0.027 0.001 0.971 
0.015 0.022 0.963 
0.021 0.005 0.974 
0.000 0.021 0.979 
0.001 0.016 0.982 
0.010 0.024 0.966 
0.034 0.003 0.962 
0.010 0.022 0.969 
0.007 0.019 0.974 
0.008 0.018 0.975 
0.001 0.023 0.976 
0.015 0.005 0.980 
0.024 0.006 0.970 
0.055 0.000 0.944 
0.011 0.023 0.966 
0.022 0.010 0.968 
0.010 0.012 0.978 
0.016 0.014 0.970 
0.020 0.001 0.979 
0.020 0.022 0.958 
0.011 0.018 0.971 
0.022 0.014 0.965 
0.002 0.032 0.966 
0.016 0.014 0.971 
0.021 0.013 0.966 
0.013 0.021 0.966 
0.002 0.023 0.975 
0.002 0.010 0.988 
0.026 0.006 0.969 
0.035 0.000 0.965 
0.030 0.000 0.970 
0.010 0.017 0.973 
0.018 0.005 0.976 
0.018 0.000 0.981 
0.011 0.013 0.975 
0.021 0.009 0.971 
0.011 0.003 0.986 
0.004 0.004 0.992 
0.037 0.002 0.961 


Estimated Allele Frequencies in each cluster
First column gives estimated ancestral frequencies


Locus 1 : 
1 alleles
1.2% missing data
   2   (1.000) 1.000 1.000 1.000 

Locus 2 : 
2 alleles
0.6% missing data
   2   (0.858) 0.931 0.891 0.934 
   1   (0.142) 0.069 0.109 0.066 

Locus 3 : 
2 alleles
0.0% missing data
   1   (0.181) 0.046 0.080 0.631 
   2   (0.819) 0.954 0.920 0.369 

Locus 4 : 
2 alleles
0.9% missing data
   2   (0.842) 0.960 0.887 0.685 
   1   (0.158) 0.040 0.113 0.315 

Locus 5 : 
2 alleles
0.0% missing data
   2   (0.457) 0.518 0.078 0.924 
   1   (0.543) 0.482 0.922 0.076 

Locus 6 : 
1 alleles
0.0% missing data
   2   (1.000) 1.000 1.000 1.000 

Locus 7 : 
2 alleles
0.0% missing data
   1   (0.035) 0.003 0.001 0.011 
   2   (0.965) 0.997 0.999 0.989 

Locus 8 : 
2 alleles
0.0% missing data
   1   (0.271) 0.156 0.152 0.808 
   2   (0.729) 0.844 0.848 0.192 

Locus 9 : 
2 alleles
0.0% missing data
   2   (0.733) 0.892 0.564 0.860 
   1   (0.267) 0.108 0.436 0.140 

Locus 10 : 
2 alleles
0.9% missing data
   1   (0.206) 0.133 0.163 0.137 
   2   (0.794) 0.867 0.837 0.863 

Locus 11 : 
1 alleles
0.6% missing data
   2   (1.000) 1.000 1.000 1.000 

Locus 12 : 
2 alleles
0.0% missing data
   2   (0.414) 0.264 0.221 0.840 
   1   (0.586) 0.736 0.779 0.160 

Locus 13 : 
2 alleles
0.3% missing data
   1   (0.164) 0.190 0.022 0.446 
   2   (0.836) 0.810 0.978 0.554 

Locus 14 : 
2 alleles
0.0% missing data
   2   (0.935) 0.874 0.998 0.999 
   1   (0.065) 0.126 0.002 0.001 

Locus 15 : 
2 alleles
0.3% missing data
   2   (0.807) 0.897 0.933 0.851 
   1   (0.193) 0.103 0.067 0.149 

Locus 16 : 
2 alleles
1.2% missing data
   2   (0.745) 0.746 0.500 0.992 
   1   (0.255) 0.254 0.500 0.008 

Locus 17 : 
2 alleles
0.0% missing data
   2   (0.943) 0.921 0.974 0.999 
   1   (0.057) 0.079 0.026 0.001 

Locus 18 : 
2 alleles
0.3% missing data
   1   (0.566) 0.693 0.420 0.410 
   2   (0.434) 0.307 0.580 0.590 

Locus 19 : 
2 alleles
0.0% missing data
   1   (0.282) 0.173 0.250 0.407 
   2   (0.718) 0.827 0.750 0.593 

Locus 20 : 
2 alleles
0.6% missing data
   1   (0.008) 0.001 0.000 0.219 
   2   (0.992) 0.999 1.000 0.781 

Locus 21 : 
2 alleles
0.0% missing data
   1   (0.266) 0.139 0.330 0.411 
   2   (0.734) 0.861 0.670 0.589 

Locus 22 : 
2 alleles
0.0% missing data
   1   (0.331) 0.201 0.464 0.354 
   2   (0.669) 0.799 0.536 0.646 

Locus 23 : 
2 alleles
0.3% missing data
   1   (0.038) 0.004 0.001 0.285 
   2   (0.962) 0.996 0.999 0.715 

Locus 24 : 
2 alleles
0.3% missing data
   1   (0.479) 0.567 0.383 0.394 
   2   (0.521) 0.433 0.617 0.606 

Locus 25 : 
2 alleles
0.0% missing data
   1   (0.254) 0.152 0.223 0.273 
   2   (0.746) 0.848 0.777 0.727 

Locus 26 : 
2 alleles
0.3% missing data
   2   (0.529) 0.451 0.549 0.718 
   1   (0.471) 0.549 0.451 0.282 

Locus 27 : 
2 alleles
0.0% missing data
   1   (0.394) 0.441 0.409 0.305 
   2   (0.606) 0.559 0.591 0.695 

Locus 28 : 
2 alleles
0.0% missing data
   2   (0.831) 0.907 0.935 0.943 
   1   (0.169) 0.093 0.065 0.057 

Locus 29 : 
2 alleles
0.0% missing data
   2   (0.864) 0.933 0.900 0.976 
   1   (0.136) 0.067 0.100 0.024 

Locus 30 : 
2 alleles
0.0% missing data
   1   (0.236) 0.210 0.065 0.340 
   2   (0.764) 0.790 0.935 0.660 

Locus 31 : 
2 alleles
0.3% missing data
   2   (0.501) 0.551 0.426 0.540 
   1   (0.499) 0.449 0.574 0.460 

Locus 32 : 
2 alleles
0.0% missing data
   2   (0.808) 0.871 0.828 0.960 
   1   (0.192) 0.129 0.172 0.040 

Locus 33 : 
2 alleles
0.6% missing data
   1   (0.262) 0.301 0.218 0.052 
   2   (0.738) 0.699 0.782 0.948 

Locus 34 : 
2 alleles
0.3% missing data
   2   (0.555) 0.473 0.377 0.910 
   1   (0.445) 0.527 0.623 0.090 

Locus 35 : 
2 alleles
0.6% missing data
   1   (0.280) 0.226 0.306 0.179 
   2   (0.720) 0.774 0.694 0.821 

Locus 36 : 
2 alleles
0.0% missing data
   2   (0.682) 0.819 0.709 0.474 
   1   (0.318) 0.181 0.291 0.526 

Locus 37 : 
2 alleles
0.0% missing data
   2   (0.842) 0.740 0.992 0.600 
   1   (0.158) 0.260 0.008 0.400 

Locus 38 : 
2 alleles
0.0% missing data
   2   (0.796) 0.820 0.544 0.997 
   1   (0.204) 0.180 0.456 0.003 

Locus 39 : 
2 alleles
0.0% missing data
   2   (0.505) 0.444 0.441 0.714 
   1   (0.495) 0.556 0.559 0.286 

Locus 40 : 
2 alleles
0.0% missing data
   2   (0.773) 0.846 0.805 0.966 
   1   (0.227) 0.154 0.195 0.034 

Locus 41 : 
2 alleles
0.3% missing data
   1   (0.534) 0.537 0.603 0.380 
   2   (0.466) 0.463 0.397 0.620 

Locus 42 : 
2 alleles
0.6% missing data
   1   (0.451) 0.444 0.370 0.484 
   2   (0.549) 0.556 0.630 0.516 

Locus 43 : 
2 alleles
0.0% missing data
   2   (0.827) 0.841 0.660 0.997 
   1   (0.173) 0.159 0.340 0.003 

Locus 44 : 
2 alleles
0.0% missing data
   2   (0.854) 0.898 0.620 0.998 
   1   (0.146) 0.102 0.380 0.002 

Locus 45 : 
2 alleles
0.0% missing data
   2   (0.955) 0.977 0.998 0.999 
   1   (0.045) 0.023 0.002 0.001 

Locus 46 : 
2 alleles
0.0% missing data
   1   (0.235) 0.265 0.032 0.805 
   2   (0.765) 0.735 0.968 0.195 

Locus 47 : 
2 alleles
0.0% missing data
   2   (0.953) 0.991 0.997 0.949 
   1   (0.047) 0.009 0.003 0.051 

Locus 48 : 
2 alleles
0.0% missing data
   1   (0.306) 0.137 0.137 0.852 
   2   (0.694) 0.863 0.863 0.148 

Locus 49 : 
2 alleles
0.3% missing data
   2   (0.508) 0.484 0.477 0.591 
   1   (0.492) 0.516 0.523 0.409 

Locus 50 : 
2 alleles
0.0% missing data
   2   (0.836) 0.846 0.841 0.983 
   1   (0.164) 0.154 0.159 0.017 

Locus 51 : 
2 alleles
0.0% missing data
   1   (0.077) 0.013 0.043 0.144 
   2   (0.923) 0.987 0.957 0.856 

Locus 52 : 
2 alleles
0.0% missing data
   1   (0.367) 0.407 0.194 0.528 
   2   (0.633) 0.593 0.806 0.472 

Locus 53 : 
2 alleles
0.3% missing data
   2   (0.709) 0.888 0.700 0.585 
   1   (0.291) 0.112 0.300 0.415 

Locus 54 : 
2 alleles
0.0% missing data
   2   (0.939) 0.984 0.993 0.696 
   1   (0.061) 0.016 0.007 0.304 

Locus 55 : 
2 alleles
0.3% missing data
   2   (0.439) 0.246 0.281 0.942 
   1   (0.561) 0.754 0.719 0.058 

Locus 56 : 
2 alleles
0.0% missing data
   1   (0.313) 0.231 0.301 0.510 
   2   (0.687) 0.769 0.699 0.490 

Locus 57 : 
2 alleles
0.0% missing data
   2   (0.520) 0.478 0.449 0.646 
   1   (0.480) 0.522 0.551 0.354 

Locus 58 : 
2 alleles
0.0% missing data
   2   (0.967) 0.999 0.999 0.924 
   1   (0.033) 0.001 0.001 0.076 

Locus 59 : 
2 alleles
1.2% missing data
   2   (0.732) 0.827 0.626 0.933 
   1   (0.268) 0.173 0.374 0.067 

Locus 60 : 
2 alleles
0.0% missing data
   2   (0.628) 0.543 0.804 0.480 
   1   (0.372) 0.457 0.196 0.520 

Locus 61 : 
2 alleles
0.3% missing data
   1   (0.288) 0.169 0.211 0.664 
   2   (0.712) 0.831 0.789 0.336 

Locus 62 : 
2 alleles
0.3% missing data
   2   (0.892) 0.978 0.920 0.930 
   1   (0.108) 0.022 0.080 0.070 

Locus 63 : 
2 alleles
0.3% missing data
   1   (0.311) 0.370 0.277 0.157 
   2   (0.689) 0.630 0.723 0.843 

Locus 64 : 
2 alleles
0.0% missing data
   2   (0.783) 0.875 0.768 0.868 
   1   (0.217) 0.125 0.232 0.132 

Locus 65 : 
2 alleles
0.0% missing data
   2   (0.825) 0.821 0.886 0.987 
   1   (0.175) 0.179 0.114 0.013 

Locus 66 : 
2 alleles
0.6% missing data
   2   (0.933) 0.974 0.997 0.810 
   1   (0.067) 0.026 0.003 0.190 

Locus 67 : 
2 alleles
0.9% missing data
   1   (0.432) 0.371 0.545 0.266 
   2   (0.568) 0.629 0.455 0.734 

Locus 68 : 
2 alleles
0.3% missing data
   1   (0.570) 0.769 0.480 0.329 
   2   (0.430) 0.231 0.520 0.671 

Locus 69 : 
2 alleles
0.0% missing data
   1   (0.211) 0.118 0.283 0.063 
   2   (0.789) 0.882 0.717 0.937 

Locus 70 : 
2 alleles
0.9% missing data
   1   (0.351) 0.322 0.238 0.395 
   2   (0.649) 0.678 0.762 0.605 

Locus 71 : 
2 alleles
2.5% missing data
   1   (0.455) 0.441 0.422 0.551 
   2   (0.545) 0.559 0.578 0.449 

Locus 72 : 
2 alleles
0.0% missing data
   2   (0.786) 0.831 0.820 0.926 
   1   (0.214) 0.169 0.180 0.074 

Locus 73 : 
2 alleles
0.6% missing data
   1   (0.429) 0.351 0.407 0.587 
   2   (0.571) 0.649 0.593 0.413 

Locus 74 : 
2 alleles
0.0% missing data
   1   (0.073) 0.022 0.003 0.128 
   2   (0.927) 0.978 0.997 0.872 

Locus 75 : 
2 alleles
0.0% missing data
   2   (0.960) 0.982 0.983 0.999 
   1   (0.040) 0.018 0.017 0.001 

Locus 76 : 
2 alleles
0.0% missing data
   1   (0.150) 0.069 0.109 0.089 
   2   (0.850) 0.931 0.891 0.911 

Locus 77 : 
2 alleles
0.3% missing data
   1   (0.326) 0.463 0.209 0.149 
   2   (0.674) 0.537 0.791 0.851 

Locus 78 : 
2 alleles
0.0% missing data
   2   (0.727) 0.691 0.776 0.900 
   1   (0.273) 0.309 0.224 0.100 

Locus 79 : 
2 alleles
0.6% missing data
   1   (0.325) 0.407 0.253 0.140 
   2   (0.675) 0.593 0.747 0.860 

Locus 80 : 
2 alleles
0.9% missing data
   2   (0.783) 0.845 0.917 0.858 
   1   (0.217) 0.155 0.083 0.142 

Locus 81 : 
2 alleles
0.0% missing data
   1   (0.450) 0.401 0.311 0.624 
   2   (0.550) 0.599 0.689 0.376 

Locus 82 : 
2 alleles
0.0% missing data
   1   (0.271) 0.163 0.249 0.377 
   2   (0.729) 0.837 0.751 0.623 

Locus 83 : 
2 alleles
1.9% missing data
   2   (0.668) 0.843 0.591 0.532 
   1   (0.332) 0.157 0.409 0.468 

Locus 84 : 
2 alleles
0.0% missing data
   2   (0.866) 0.850 0.790 0.998 
   1   (0.134) 0.150 0.210 0.002 

Locus 85 : 
2 alleles
0.0% missing data
   1   (0.335) 0.165 0.394 0.409 
   2   (0.665) 0.835 0.606 0.591 

Locus 86 : 
2 alleles
0.0% missing data
   2   (0.638) 0.576 0.467 0.956 
   1   (0.362) 0.424 0.533 0.044 

Locus 87 : 
2 alleles
0.9% missing data
   2   (0.719) 0.865 0.792 0.608 
   1   (0.281) 0.135 0.208 0.392 

Locus 88 : 
2 alleles
0.9% missing data
   2   (0.850) 0.827 0.919 0.993 
   1   (0.150) 0.173 0.081 0.007 

Locus 89 : 
2 alleles
0.3% missing data
   1   (0.146) 0.138 0.023 0.337 
   2   (0.854) 0.862 0.977 0.663 

Locus 90 : 
2 alleles
0.0% missing data
   1   (0.102) 0.038 0.043 0.062 
   2   (0.898) 0.962 0.957 0.938 

Locus 91 : 
2 alleles
0.0% missing data
   2   (0.611) 0.650 0.604 0.560 
   1   (0.389) 0.350 0.396 0.440 

Locus 92 : 
2 alleles
0.0% missing data
   1   (0.460) 0.551 0.451 0.325 
   2   (0.540) 0.449 0.549 0.675 

Locus 93 : 
2 alleles
0.3% missing data
   2   (0.760) 0.890 0.741 0.703 
   1   (0.240) 0.110 0.259 0.297 

Locus 94 : 
2 alleles
0.3% missing data
   2   (0.867) 0.844 0.743 0.998 
   1   (0.133) 0.156 0.257 0.002 

Locus 95 : 
2 alleles
0.0% missing data
   1   (0.298) 0.344 0.180 0.243 
   2   (0.702) 0.656 0.820 0.757 

Locus 96 : 
2 alleles
0.0% missing data
   1   (0.267) 0.221 0.264 0.268 
   2   (0.733) 0.779 0.736 0.732 

Locus 97 : 
2 alleles
0.0% missing data
   1   (0.028) 0.002 0.001 0.046 
   2   (0.972) 0.998 0.999 0.954 

Locus 98 : 
2 alleles
0.0% missing data
   2   (0.564) 0.528 0.611 0.735 
   1   (0.436) 0.472 0.389 0.265 

Locus 99 : 
2 alleles
0.3% missing data
   1   (0.379) 0.355 0.242 0.398 
   2   (0.621) 0.645 0.758 0.602 

Locus 100 : 
2 alleles
0.3% missing data
   2   (0.941) 0.989 0.998 0.766 
   1   (0.059) 0.011 0.002 0.234 

Locus 101 : 
2 alleles
0.0% missing data
   2   (0.920) 0.899 0.994 0.988 
   1   (0.080) 0.101 0.006 0.012 

Locus 102 : 
2 alleles
0.0% missing data
   2   (0.559) 0.399 0.468 0.879 
   1   (0.441) 0.601 0.532 0.121 

Locus 103 : 
2 alleles
0.3% missing data
   2   (0.668) 0.458 0.866 0.896 
   1   (0.332) 0.542 0.134 0.104 

Locus 104 : 
2 alleles
0.6% missing data
   2   (0.831) 0.826 0.653 0.990 
   1   (0.169) 0.174 0.347 0.010 

Locus 105 : 
2 alleles
0.0% missing data
   1   (0.390) 0.576 0.260 0.184 
   2   (0.610) 0.424 0.740 0.816 

Locus 106 : 
2 alleles
1.2% missing data
   2   (0.840) 0.611 0.897 0.998 
   1   (0.160) 0.389 0.103 0.002 

Locus 107 : 
2 alleles
0.0% missing data
   2   (0.874) 0.968 0.948 0.793 
   1   (0.126) 0.032 0.052 0.207 

Locus 108 : 
2 alleles
0.3% missing data
   1   (0.074) 0.095 0.005 0.034 
   2   (0.926) 0.905 0.995 0.966 

Locus 109 : 
2 alleles
0.0% missing data
   2   (0.962) 0.998 0.999 0.946 
   1   (0.038) 0.002 0.001 0.054 

Locus 110 : 
2 alleles
0.0% missing data
   1   (0.052) 0.003 0.002 0.228 
   2   (0.948) 0.997 0.998 0.772 

Locus 111 : 
2 alleles
0.3% missing data
   2   (0.965) 0.997 0.999 0.951 
   1   (0.035) 0.003 0.001 0.049 

Locus 112 : 
2 alleles
0.0% missing data
   1   (0.475) 0.420 0.801 0.080 
   2   (0.525) 0.580 0.199 0.920 

Locus 113 : 
2 alleles
0.3% missing data
   2   (0.901) 0.990 0.907 0.969 
   1   (0.099) 0.010 0.093 0.031 

Locus 114 : 
2 alleles
0.3% missing data
   2   (0.945) 0.992 0.998 0.830 
   1   (0.055) 0.008 0.002 0.170 

Locus 115 : 
2 alleles
0.0% missing data
   2   (0.481) 0.400 0.561 0.586 
   1   (0.519) 0.600 0.439 0.414 

Locus 116 : 
2 alleles
0.0% missing data
   1   (0.415) 0.326 0.455 0.469 
   2   (0.585) 0.674 0.545 0.531 

Locus 117 : 
2 alleles
0.0% missing data
   2   (0.691) 0.526 0.742 0.945 
   1   (0.309) 0.474 0.258 0.055 

Locus 118 : 
2 alleles
0.3% missing data
   2   (0.594) 0.567 0.750 0.474 
   1   (0.406) 0.433 0.250 0.526 

Locus 119 : 
2 alleles
0.0% missing data
   1   (0.354) 0.246 0.275 0.641 
   2   (0.646) 0.754 0.725 0.359 

Locus 120 : 
2 alleles
0.0% missing data
   1   (0.436) 0.245 0.524 0.587 
   2   (0.564) 0.755 0.476 0.413 

Locus 121 : 
2 alleles
0.6% missing data
   1   (0.282) 0.102 0.301 0.631 
   2   (0.718) 0.898 0.699 0.369 

Locus 122 : 
2 alleles
0.0% missing data
   1   (0.048) 0.004 0.001 0.278 
   2   (0.952) 0.996 0.999 0.722 

Locus 123 : 
2 alleles
0.3% missing data
   2   (0.542) 0.599 0.467 0.630 
   1   (0.458) 0.401 0.533 0.370 

Locus 124 : 
2 alleles
0.3% missing data
   1   (0.411) 0.311 0.342 0.637 
   2   (0.589) 0.689 0.658 0.363 

Locus 125 : 
2 alleles
0.0% missing data
   2   (0.765) 0.873 0.753 0.812 
   1   (0.235) 0.127 0.247 0.188 

Locus 126 : 
2 alleles
0.0% missing data
   1   (0.508) 0.386 0.724 0.388 
   2   (0.492) 0.614 0.276 0.612 

Locus 127 : 
2 alleles
0.0% missing data
   2   (0.543) 0.564 0.458 0.716 
   1   (0.457) 0.436 0.542 0.284 

Locus 128 : 
2 alleles
0.0% missing data
   1   (0.090) 0.026 0.061 0.039 
   2   (0.910) 0.974 0.939 0.961 

Locus 129 : 
2 alleles
0.0% missing data
   2   (0.895) 0.961 0.914 0.987 
   1   (0.105) 0.039 0.086 0.013 

Locus 130 : 
2 alleles
1.2% missing data
   2   (0.965) 0.997 0.999 0.831 
   1   (0.035) 0.003 0.001 0.169 

Locus 131 : 
1 alleles
0.0% missing data
   2   (1.000) 1.000 1.000 1.000 

Locus 132 : 
2 alleles
0.3% missing data
   2   (0.965) 0.993 0.999 0.728 
   1   (0.035) 0.007 0.001 0.272 

Locus 133 : 
2 alleles
0.0% missing data
   2   (0.939) 0.978 0.976 0.997 
   1   (0.061) 0.022 0.024 0.003 

Locus 134 : 
2 alleles
0.0% missing data
   2   (0.917) 0.977 0.995 0.754 
   1   (0.083) 0.023 0.005 0.246 

Locus 135 : 
2 alleles
0.3% missing data
   2   (0.664) 0.686 0.704 0.654 
   1   (0.336) 0.314 0.296 0.346 

Locus 136 : 
2 alleles
0.0% missing data
   2   (0.830) 0.875 0.769 0.971 
   1   (0.170) 0.125 0.231 0.029 

Locus 137 : 
2 alleles
0.6% missing data
   1   (0.133) 0.094 0.031 0.305 
   2   (0.867) 0.906 0.969 0.695 

Locus 138 : 
2 alleles
0.6% missing data
   2   (0.733) 0.799 0.697 0.940 
   1   (0.267) 0.201 0.303 0.060 

Locus 139 : 
2 alleles
0.0% missing data
   2   (0.794) 0.815 0.788 0.970 
   1   (0.206) 0.185 0.212 0.030 

Locus 140 : 
1 alleles
0.0% missing data
   2   (1.000) 1.000 1.000 1.000 

Locus 141 : 
2 alleles
0.0% missing data
   2   (0.850) 0.745 0.973 0.916 
   1   (0.150) 0.255 0.027 0.084 

Locus 142 : 
2 alleles
0.3% missing data
   1   (0.530) 0.605 0.555 0.352 
   2   (0.470) 0.395 0.445 0.648 

Locus 143 : 
2 alleles
0.0% missing data
   2   (0.789) 0.882 0.790 0.814 
   1   (0.211) 0.118 0.210 0.186 

Locus 144 : 
2 alleles
0.6% missing data
   2   (0.961) 0.995 0.999 0.853 
   1   (0.039) 0.005 0.001 0.147 

Locus 145 : 
2 alleles
0.0% missing data
   2   (0.542) 0.504 0.327 0.890 
   1   (0.458) 0.496 0.673 0.110 

Locus 146 : 
2 alleles
0.3% missing data
   2   (0.595) 0.574 0.601 0.795 
   1   (0.405) 0.426 0.399 0.205 

Locus 147 : 
2 alleles
0.0% missing data
   2   (0.551) 0.495 0.655 0.490 
   1   (0.449) 0.505 0.345 0.510 

Locus 148 : 
2 alleles
0.0% missing data
   1   (0.291) 0.246 0.218 0.497 
   2   (0.709) 0.754 0.782 0.503 

Locus 149 : 
2 alleles
0.3% missing data
   1   (0.324) 0.217 0.531 0.148 
   2   (0.676) 0.783 0.469 0.852 

Locus 150 : 
2 alleles
0.0% missing data
   2   (0.926) 0.928 0.945 0.999 
   1   (0.074) 0.072 0.055 0.001 

Locus 151 : 
2 alleles
0.3% missing data
   2   (0.443) 0.450 0.259 0.732 
   1   (0.557) 0.550 0.741 0.268 

Locus 152 : 
2 alleles
0.0% missing data
   1   (0.252) 0.198 0.141 0.390 
   2   (0.748) 0.802 0.859 0.610 

Locus 153 : 
2 alleles
0.0% missing data
   2   (0.545) 0.480 0.376 0.946 
   1   (0.455) 0.520 0.624 0.054 

Locus 154 : 
2 alleles
0.6% missing data
   2   (0.792) 0.708 0.585 0.994 
   1   (0.208) 0.292 0.415 0.006 

Locus 155 : 
2 alleles
0.0% missing data
   2   (0.932) 0.991 0.987 0.930 
   1   (0.068) 0.009 0.013 0.070 

Locus 156 : 
2 alleles
1.9% missing data
   2   (0.865) 0.922 0.932 0.870 
   1   (0.135) 0.078 0.068 0.130 

Locus 157 : 
2 alleles
0.0% missing data
   2   (0.969) 0.998 0.999 0.769 
   1   (0.031) 0.002 0.001 0.231 

Locus 158 : 
2 alleles
1.5% missing data
   1   (0.045) 0.004 0.001 0.353 
   2   (0.955) 0.996 0.999 0.647 

Locus 159 : 
1 alleles
0.0% missing data
   2   (1.000) 1.000 1.000 1.000 

Locus 160 : 
2 alleles
2.5% missing data
   2   (0.961) 0.997 0.999 0.943 
   1   (0.039) 0.003 0.001 0.057 

Locus 161 : 
2 alleles
0.0% missing data
   2   (0.738) 0.750 0.831 0.959 
   1   (0.262) 0.250 0.169 0.041 

Locus 162 : 
2 alleles
0.6% missing data
   1   (0.176) 0.078 0.065 0.574 
   2   (0.824) 0.922 0.935 0.426 

Locus 163 : 
2 alleles
0.3% missing data
   2   (0.830) 0.754 0.908 0.990 
   1   (0.170) 0.246 0.092 0.010 

Locus 164 : 
2 alleles
0.6% missing data
   2   (0.697) 0.599 0.665 0.964 
   1   (0.303) 0.401 0.335 0.036 

Locus 165 : 
2 alleles
0.9% missing data
   2   (0.811) 0.877 0.855 0.936 
   1   (0.189) 0.123 0.145 0.064 

Locus 166 : 
2 alleles
0.3% missing data
   1   (0.329) 0.202 0.268 0.393 
   2   (0.671) 0.798 0.732 0.607 

Locus 167 : 
2 alleles
1.5% missing data
   1   (0.243) 0.338 0.126 0.066 
   2   (0.757) 0.662 0.874 0.934 

Locus 168 : 
2 alleles
0.0% missing data
   2   (0.680) 0.782 0.717 0.654 
   1   (0.320) 0.218 0.283 0.346 

Locus 169 : 
2 alleles
0.0% missing data
   2   (0.766) 0.541 0.710 0.997 
   1   (0.234) 0.459 0.290 0.003 

Locus 170 : 
2 alleles
0.0% missing data
   1   (0.022) 0.001 0.001 0.606 
   2   (0.978) 0.999 0.999 0.394 

Locus 171 : 
2 alleles
0.6% missing data
   1   (0.212) 0.324 0.015 0.666 
   2   (0.788) 0.676 0.985 0.334 

Locus 172 : 
2 alleles
0.0% missing data
   1   (0.140) 0.077 0.010 0.350 
   2   (0.860) 0.923 0.990 0.650 

Locus 173 : 
2 alleles
0.0% missing data
   2   (0.959) 0.992 0.999 0.903 
   1   (0.041) 0.008 0.001 0.097 

Locus 174 : 
2 alleles
0.6% missing data
   1   (0.598) 0.590 0.873 0.158 
   2   (0.402) 0.410 0.127 0.842 

Locus 175 : 
2 alleles
0.0% missing data
   1   (0.180) 0.230 0.009 0.646 
   2   (0.820) 0.770 0.991 0.354 

Locus 176 : 
2 alleles
0.3% missing data
   2   (0.967) 0.997 0.999 0.996 
   1   (0.033) 0.003 0.001 0.004 

Locus 177 : 
2 alleles
0.0% missing data
   2   (0.827) 0.821 0.923 0.940 
   1   (0.173) 0.179 0.077 0.060 

Locus 178 : 
2 alleles
0.9% missing data
   2   (0.497) 0.480 0.322 0.792 
   1   (0.503) 0.520 0.678 0.208 

Locus 179 : 
2 alleles
0.0% missing data
   1   (0.103) 0.015 0.031 0.460 
   2   (0.897) 0.985 0.969 0.540 

Locus 180 : 
2 alleles
0.3% missing data
   2   (0.857) 0.806 0.913 0.995 
   1   (0.143) 0.194 0.087 0.005 

Locus 181 : 
2 alleles
0.0% missing data
   1   (0.192) 0.118 0.190 0.080 
   2   (0.808) 0.882 0.810 0.920 

Locus 182 : 
2 alleles
0.0% missing data
   1   (0.505) 0.587 0.485 0.383 
   2   (0.495) 0.413 0.515 0.617 

Locus 183 : 
2 alleles
0.0% missing data
   2   (0.825) 0.869 0.869 0.946 
   1   (0.175) 0.131 0.131 0.054 

Locus 184 : 
2 alleles
0.0% missing data
   2   (0.926) 0.956 0.964 0.999 
   1   (0.074) 0.044 0.036 0.001 

Locus 185 : 
2 alleles
0.3% missing data
   2   (0.850) 0.932 0.907 0.828 
   1   (0.150) 0.068 0.093 0.172 

Locus 186 : 
2 alleles
0.6% missing data
   2   (0.957) 0.998 0.998 0.908 
   1   (0.043) 0.002 0.002 0.092 

Locus 187 : 
2 alleles
0.0% missing data
   1   (0.323) 0.260 0.263 0.450 
   2   (0.677) 0.740 0.737 0.550 

Locus 188 : 
2 alleles
0.0% missing data
   2   (0.892) 0.950 0.873 0.993 
   1   (0.108) 0.050 0.127 0.007 

Locus 189 : 
2 alleles
0.0% missing data
   2   (0.953) 0.996 0.999 0.819 
   1   (0.047) 0.004 0.001 0.181 

Locus 190 : 
2 alleles
0.0% missing data
   2   (0.826) 0.951 0.846 0.707 
   1   (0.174) 0.049 0.154 0.293 

Locus 191 : 
2 alleles
0.3% missing data
   2   (0.407) 0.283 0.300 0.759 
   1   (0.593) 0.717 0.700 0.241 

Locus 192 : 
2 alleles
0.0% missing data
   2   (0.884) 0.882 0.991 0.781 
   1   (0.116) 0.118 0.009 0.219 

Locus 193 : 
2 alleles
0.0% missing data
   2   (0.838) 0.877 0.887 0.916 
   1   (0.162) 0.123 0.113 0.084 

Locus 194 : 
2 alleles
0.9% missing data
   1   (0.349) 0.328 0.161 0.539 
   2   (0.651) 0.672 0.839 0.461 

Locus 195 : 
2 alleles
0.0% missing data
   2   (0.551) 0.547 0.705 0.397 
   1   (0.449) 0.453 0.295 0.603 

Locus 196 : 
2 alleles
0.0% missing data
   2   (0.811) 0.935 0.691 0.717 
   1   (0.189) 0.065 0.309 0.283 

Locus 197 : 
2 alleles
0.0% missing data
   2   (0.950) 0.986 0.969 0.998 
   1   (0.050) 0.014 0.031 0.002 

Locus 198 : 
2 alleles
0.0% missing data
   2   (0.752) 0.658 0.808 0.938 
   1   (0.248) 0.342 0.192 0.062 

Locus 199 : 
2 alleles
1.9% missing data
   2   (0.973) 0.998 0.999 0.905 
   1   (0.027) 0.002 0.001 0.095 

Locus 200 : 
2 alleles
0.0% missing data
   2   (0.905) 0.883 0.930 0.998 
   1   (0.095) 0.117 0.070 0.002 

Locus 201 : 
2 alleles
0.0% missing data
   2   (0.805) 0.921 0.741 0.934 
   1   (0.195) 0.079 0.259 0.066 

Locus 202 : 
2 alleles
0.0% missing data
   2   (0.726) 0.841 0.637 0.831 
   1   (0.274) 0.159 0.363 0.169 

Locus 203 : 
2 alleles
0.0% missing data
   2   (0.951) 0.993 0.998 0.866 
   1   (0.049) 0.007 0.002 0.134 

Locus 204 : 
2 alleles
0.3% missing data
   1   (0.454) 0.434 0.397 0.538 
   2   (0.546) 0.566 0.603 0.462 

Locus 205 : 
2 alleles
0.0% missing data
   1   (0.357) 0.296 0.229 0.493 
   2   (0.643) 0.704 0.771 0.507 

Locus 206 : 
2 alleles
0.0% missing data
   1   (0.287) 0.116 0.332 0.472 
   2   (0.713) 0.884 0.668 0.528 

Locus 207 : 
2 alleles
0.0% missing data
   2   (0.768) 0.841 0.762 0.858 
   1   (0.232) 0.159 0.238 0.142 

Locus 208 : 
2 alleles
0.0% missing data
   2   (0.893) 0.972 0.930 0.959 
   1   (0.107) 0.028 0.070 0.041 

Locus 209 : 
2 alleles
0.9% missing data
   1   (0.362) 0.285 0.515 0.128 
   2   (0.638) 0.715 0.485 0.872 

Locus 210 : 
2 alleles
0.0% missing data
   2   (0.888) 0.825 0.982 0.993 
   1   (0.112) 0.175 0.018 0.007 

Locus 211 : 
2 alleles
0.3% missing data
   2   (0.613) 0.648 0.597 0.808 
   1   (0.387) 0.352 0.403 0.192 

Locus 212 : 
2 alleles
0.0% missing data
   2   (0.623) 0.683 0.610 0.762 
   1   (0.377) 0.317 0.390 0.238 

Locus 213 : 
2 alleles
0.0% missing data
   1   (0.387) 0.466 0.263 0.352 
   2   (0.613) 0.534 0.737 0.648 

Locus 214 : 
2 alleles
0.3% missing data
   2   (0.457) 0.415 0.195 0.923 
   1   (0.543) 0.585 0.805 0.077 

Locus 215 : 
2 alleles
0.0% missing data
   1   (0.345) 0.290 0.333 0.321 
   2   (0.655) 0.710 0.667 0.679 

Locus 216 : 
2 alleles
0.0% missing data
   2   (0.698) 0.721 0.601 0.932 
   1   (0.302) 0.279 0.399 0.068 

Locus 217 : 
2 alleles
0.0% missing data
   2   (0.822) 0.895 0.794 0.938 
   1   (0.178) 0.105 0.206 0.062 

Locus 218 : 
2 alleles
0.0% missing data
   2   (0.472) 0.480 0.299 0.654 
   1   (0.528) 0.520 0.701 0.346 

Locus 219 : 
2 alleles
0.0% missing data
   2   (0.938) 0.983 0.998 0.672 
   1   (0.062) 0.017 0.002 0.328 

Locus 220 : 
2 alleles
0.0% missing data
   2   (0.675) 0.756 0.724 0.440 
   1   (0.325) 0.244 0.276 0.560 

Locus 221 : 
2 alleles
0.9% missing data
   2   (0.935) 0.988 0.967 0.997 
   1   (0.065) 0.012 0.033 0.003 

Locus 222 : 
2 alleles
0.3% missing data
   2   (0.928) 0.982 0.894 0.998 
   1   (0.072) 0.018 0.106 0.002 

Locus 223 : 
2 alleles
1.2% missing data
   2   (0.812) 0.894 0.779 0.957 
   1   (0.188) 0.106 0.221 0.043 

Locus 224 : 
2 alleles
1.2% missing data
   1   (0.046) 0.005 0.001 0.166 
   2   (0.954) 0.995 0.999 0.834 

Locus 225 : 
2 alleles
0.0% missing data
   1   (0.060) 0.006 0.007 0.117 
   2   (0.940) 0.994 0.993 0.883 

Locus 226 : 
2 alleles
0.0% missing data
   2   (0.747) 0.877 0.619 0.883 
   1   (0.253) 0.123 0.381 0.117 

Locus 227 : 
2 alleles
1.9% missing data
   2   (0.747) 0.797 0.723 0.958 
   1   (0.253) 0.203 0.277 0.042 

Locus 228 : 
2 alleles
0.3% missing data
   1   (0.063) 0.014 0.002 0.253 
   2   (0.937) 0.986 0.998 0.747 

Locus 229 : 
1 alleles
0.0% missing data
   2   (1.000) 1.000 1.000 1.000 

Locus 230 : 
2 alleles
0.3% missing data
   2   (0.795) 0.885 0.862 0.813 
   1   (0.205) 0.115 0.138 0.187 

Locus 231 : 
2 alleles
0.3% missing data
   1   (0.091) 0.028 0.013 0.215 
   2   (0.909) 0.972 0.987 0.785 

Locus 232 : 
2 alleles
0.6% missing data
   2   (0.663) 0.637 0.872 0.588 
   1   (0.337) 0.363 0.128 0.412 

Locus 233 : 
2 alleles
0.0% missing data
   2   (0.540) 0.463 0.510 0.605 
   1   (0.460) 0.537 0.490 0.395 

Locus 234 : 
2 alleles
0.0% missing data
   2   (0.941) 0.984 0.942 0.999 
   1   (0.059) 0.016 0.058 0.001 

Locus 235 : 
2 alleles
0.0% missing data
   1   (0.430) 0.542 0.322 0.376 
   2   (0.570) 0.458 0.678 0.624 

Locus 236 : 
2 alleles
0.3% missing data
   2   (0.684) 0.615 0.797 0.709 
   1   (0.316) 0.385 0.203 0.291 

Locus 237 : 
2 alleles
0.0% missing data
   2   (0.822) 0.913 0.904 0.915 
   1   (0.178) 0.087 0.096 0.085 

Locus 238 : 
2 alleles
0.3% missing data
   1   (0.058) 0.015 0.002 0.429 
   2   (0.942) 0.985 0.998 0.571 

Locus 239 : 
2 alleles
0.0% missing data
   1   (0.445) 0.480 0.335 0.470 
   2   (0.555) 0.520 0.665 0.530 

Locus 240 : 
2 alleles
0.9% missing data
   1   (0.441) 0.454 0.331 0.588 
   2   (0.559) 0.546 0.669 0.412 

Locus 241 : 
2 alleles
0.3% missing data
   1   (0.384) 0.436 0.272 0.225 
   2   (0.616) 0.564 0.728 0.775 

Locus 242 : 
2 alleles
0.3% missing data
   1   (0.157) 0.071 0.069 0.228 
   2   (0.843) 0.929 0.931 0.772 

Locus 243 : 
2 alleles
0.6% missing data
   2   (0.931) 0.984 0.997 0.854 
   1   (0.069) 0.016 0.003 0.146 

Locus 244 : 
1 alleles
0.0% missing data
   2   (1.000) 1.000 1.000 1.000 

Locus 245 : 
2 alleles
0.0% missing data
   2   (0.871) 0.857 0.842 0.997 
   1   (0.129) 0.143 0.158 0.003 

Locus 246 : 
2 alleles
0.0% missing data
   2   (0.971) 0.998 0.977 0.999 
   1   (0.029) 0.002 0.023 0.001 

Locus 247 : 
2 alleles
0.3% missing data
   2   (0.426) 0.295 0.394 0.829 
   1   (0.574) 0.705 0.606 0.171 

Locus 248 : 
2 alleles
1.5% missing data
   2   (0.958) 0.979 0.998 0.998 
   1   (0.042) 0.021 0.002 0.002 

Locus 249 : 
2 alleles
0.0% missing data
   2   (0.972) 0.999 0.999 0.966 
   1   (0.028) 0.001 0.001 0.034 

Locus 250 : 
2 alleles
0.3% missing data
   2   (0.938) 0.984 0.916 0.999 
   1   (0.062) 0.016 0.084 0.001 

Locus 251 : 
2 alleles
0.3% missing data
   2   (0.814) 0.481 0.723 0.998 
   1   (0.186) 0.519 0.277 0.002 

Locus 252 : 
2 alleles
0.0% missing data
   1   (0.238) 0.110 0.183 0.530 
   2   (0.762) 0.890 0.817 0.470 

Locus 253 : 
2 alleles
0.0% missing data
   1   (0.044) 0.003 0.002 0.260 
   2   (0.956) 0.997 0.998 0.740 

Locus 254 : 
2 alleles
0.0% missing data
   2   (0.954) 0.957 0.998 1.000 
   1   (0.046) 0.043 0.002 0.000 

Locus 255 : 
2 alleles
0.0% missing data
   1   (0.186) 0.076 0.051 0.661 
   2   (0.814) 0.924 0.949 0.339 

Locus 256 : 
2 alleles
0.0% missing data
   2   (0.910) 0.879 0.872 0.999 
   1   (0.090) 0.121 0.128 0.001 

Locus 257 : 
1 alleles
0.0% missing data
   2   (1.000) 1.000 1.000 1.000 

Locus 258 : 
2 alleles
0.0% missing data
   2   (0.560) 0.648 0.370 0.661 
   1   (0.440) 0.352 0.630 0.339 

Locus 259 : 
2 alleles
0.0% missing data
   2   (0.902) 0.978 0.952 0.924 
   1   (0.098) 0.022 0.048 0.076 

Locus 260 : 
2 alleles
0.0% missing data
   2   (0.641) 0.770 0.504 0.830 
   1   (0.359) 0.230 0.496 0.170 

Locus 261 : 
2 alleles
0.0% missing data
   2   (0.853) 0.948 0.803 0.986 
   1   (0.147) 0.052 0.197 0.014 

Locus 262 : 
2 alleles
0.0% missing data
   1   (0.310) 0.334 0.180 0.372 
   2   (0.690) 0.666 0.820 0.628 

Locus 263 : 
2 alleles
0.6% missing data
   1   (0.378) 0.177 0.401 0.673 
   2   (0.622) 0.823 0.599 0.327 

Locus 264 : 
2 alleles
0.0% missing data
   2   (0.897) 0.975 0.964 0.788 
   1   (0.103) 0.025 0.036 0.212 

Locus 265 : 
2 alleles
0.0% missing data
   2   (0.656) 0.704 0.568 0.799 
   1   (0.344) 0.296 0.432 0.201 

Locus 266 : 
2 alleles
0.0% missing data
   1   (0.479) 0.356 0.722 0.390 
   2   (0.521) 0.644 0.278 0.610 

Locus 267 : 
2 alleles
0.3% missing data
   2   (0.770) 0.807 0.803 0.879 
   1   (0.230) 0.193 0.197 0.121 

Locus 268 : 
2 alleles
0.0% missing data
   1   (0.194) 0.149 0.112 0.149 
   2   (0.806) 0.851 0.888 0.851 

Locus 269 : 
2 alleles
0.9% missing data
   2   (0.935) 0.881 0.988 0.999 
   1   (0.065) 0.119 0.012 0.001 

Locus 270 : 
2 alleles
0.0% missing data
   1   (0.549) 0.672 0.631 0.224 
   2   (0.451) 0.328 0.369 0.776 

Locus 271 : 
2 alleles
0.0% missing data
   2   (0.663) 0.766 0.726 0.573 
   1   (0.337) 0.234 0.274 0.427 

Locus 272 : 
2 alleles
0.0% missing data
   1   (0.534) 0.545 0.546 0.421 
   2   (0.466) 0.455 0.454 0.579 

Locus 273 : 
2 alleles
0.0% missing data
   2   (0.954) 0.938 0.998 1.000 
   1   (0.046) 0.062 0.002 0.000 

Locus 274 : 
2 alleles
0.0% missing data
   2   (0.957) 0.997 0.998 0.895 
   1   (0.043) 0.003 0.002 0.105 

Locus 275 : 
2 alleles
1.2% missing data
   2   (0.753) 0.754 0.781 0.966 
   1   (0.247) 0.246 0.219 0.034 

Locus 276 : 
2 alleles
0.0% missing data
   2   (0.913) 0.843 0.995 0.846 
   1   (0.087) 0.157 0.005 0.154 

Locus 277 : 
2 alleles
0.6% missing data
   1   (0.383) 0.315 0.500 0.340 
   2   (0.617) 0.685 0.500 0.660 

Locus 278 : 
2 alleles
0.0% missing data
   2   (0.848) 0.913 0.889 0.926 
   1   (0.152) 0.087 0.111 0.074 

Locus 279 : 
2 alleles
0.0% missing data
   1   (0.206) 0.081 0.245 0.207 
   2   (0.794) 0.919 0.755 0.793 

Locus 280 : 
2 alleles
0.0% missing data
   1   (0.376) 0.222 0.625 0.192 
   2   (0.624) 0.778 0.375 0.808 

Locus 281 : 
2 alleles
0.0% missing data
   2   (0.953) 0.994 0.999 0.865 
   1   (0.047) 0.006 0.001 0.135 

Locus 282 : 
2 alleles
0.0% missing data
   2   (0.967) 0.997 0.999 0.765 
   1   (0.033) 0.003 0.001 0.235 

Locus 283 : 
2 alleles
0.9% missing data
   2   (0.720) 0.652 0.808 0.943 
   1   (0.280) 0.348 0.192 0.057 

Locus 284 : 
2 alleles
0.0% missing data
   1   (0.274) 0.250 0.158 0.517 
   2   (0.726) 0.750 0.842 0.483 

Locus 285 : 
2 alleles
0.0% missing data
   2   (0.738) 0.735 0.670 0.975 
   1   (0.262) 0.265 0.330 0.025 

Locus 286 : 
2 alleles
0.0% missing data
   1   (0.164) 0.046 0.141 0.213 
   2   (0.836) 0.954 0.859 0.787 

Locus 287 : 
2 alleles
0.0% missing data
   1   (0.294) 0.439 0.236 0.099 
   2   (0.706) 0.561 0.764 0.901 

Locus 288 : 
2 alleles
0.0% missing data
   1   (0.049) 0.003 0.001 0.380 
   2   (0.951) 0.997 0.999 0.620 

Locus 289 : 
2 alleles
0.0% missing data
   2   (0.648) 0.662 0.597 0.807 
   1   (0.352) 0.338 0.403 0.193 

Locus 290 : 
2 alleles
1.2% missing data
   1   (0.448) 0.411 0.340 0.563 
   2   (0.552) 0.589 0.660 0.437 

Locus 291 : 
2 alleles
0.6% missing data
   2   (0.815) 0.938 0.748 0.692 
   1   (0.185) 0.062 0.252 0.308 

Locus 292 : 
2 alleles
0.0% missing data
   2   (0.840) 0.576 0.875 0.998 
   1   (0.160) 0.424 0.125 0.002 

Locus 293 : 
2 alleles
0.0% missing data
   2   (0.870) 0.962 0.956 0.664 
   1   (0.130) 0.038 0.044 0.336 

Locus 294 : 
2 alleles
0.3% missing data
   1   (0.267) 0.337 0.112 0.291 
   2   (0.733) 0.663 0.888 0.709 

Locus 295 : 
2 alleles
1.2% missing data
   2   (0.844) 0.915 0.873 0.886 
   1   (0.156) 0.085 0.127 0.114 

Locus 296 : 
2 alleles
0.0% missing data
   2   (0.678) 0.723 0.474 0.910 
   1   (0.322) 0.277 0.526 0.090 

Locus 297 : 
2 alleles
0.0% missing data
   1   (0.454) 0.403 0.416 0.547 
   2   (0.546) 0.597 0.584 0.453 

Locus 298 : 
