

----------------------------------------------------
STRUCTURE by Pritchard, Stephens and Donnelly (2000)
     and Falush, Stephens and Pritchard (2003)
       Code by Pritchard, Falush and Hubisz
             Version 2.3.4 (Jul 2012)
----------------------------------------------------



Command line arguments:   ./structure -i ../hapmap3.ped 
Input File:    ../hapmap3.ped

Run parameters:
   324 individuals
   13928 loci
   3 populations assumed
   200 Burn-in period
   200 Reps


--------------------------------------------
Overall proportion of membership of the
sample in each of the 3 clusters

Inferred Clusters
  1      2      3    
0.467  0.308  0.225  

--------------------------------------------

Allele-freq. divergence among pops (Net nucleotide distance),
computed using point estimates of P.

      1       2       3      
 1      -    0.0628  0.0690  
 2   0.0628     -    0.0375  
 3   0.0690  0.0375     -    

Average distances (expected heterozygosity) between individuals in same cluster:
cluster  1  : 0.2794 
cluster  2  : 0.2602 
cluster  3  : 0.2517 

--------------------------------------------
Estimated Ln Prob of Data   = -7914771.5
Mean value of ln likelihood = -3825915.9
Variance of ln likelihood   = 8177711.3
Mean value of alpha         = 0.2433

Mean value of Fst_1         = 0.2052
Mean value of Fst_2         = 0.1844
Mean value of Fst_3         = 0.2179


Inferred ancestry of individuals:
     (%Miss) :  Inferred clusters
  1    (0)   :  0.877 0.099 0.024 
  2    (0)   :  0.808 0.086 0.106 
  3    (0)   :  0.709 0.120 0.171 
  4    (0)   :  0.860 0.025 0.115 
  5    (0)   :  0.868 0.065 0.067 
  6    (0)   :  0.844 0.046 0.109 
  7    (0)   :  0.697 0.081 0.221 
  8    (0)   :  0.794 0.099 0.107 
  9    (0)   :  0.709 0.078 0.213 
 10    (0)   :  0.808 0.076 0.116 
 11    (0)   :  0.857 0.056 0.087 
 12    (0)   :  0.835 0.073 0.092 
 13    (0)   :  0.832 0.046 0.122 
 14    (0)   :  0.843 0.093 0.064 
 15    (0)   :  0.704 0.136 0.159 
 16    (0)   :  0.678 0.152 0.170 
 17    (0)   :  0.713 0.142 0.145 
 18    (0)   :  0.812 0.089 0.099 
 19    (0)   :  0.579 0.254 0.166 
 20    (0)   :  0.805 0.130 0.065 
 21    (0)   :  0.730 0.091 0.179 
 22    (0)   :  0.749 0.099 0.152 
 23    (0)   :  0.741 0.088 0.172 
 24    (0)   :  0.816 0.112 0.072 
 25    (0)   :  0.865 0.088 0.047 
 26    (0)   :  0.786 0.092 0.122 
 27    (0)   :  0.766 0.077 0.158 
 28    (1)   :  0.767 0.082 0.151 
 29    (0)   :  0.737 0.074 0.190 
 30    (0)   :  0.714 0.107 0.180 
 31    (0)   :  0.619 0.369 0.012 
 32    (0)   :  0.742 0.123 0.135 
 33    (0)   :  0.796 0.064 0.140 
 34    (0)   :  0.949 0.014 0.038 
 35    (0)   :  0.610 0.181 0.209 
 36    (0)   :  0.642 0.173 0.185 
 37    (0)   :  0.820 0.076 0.105 
 38    (0)   :  0.846 0.103 0.052 
 39    (0)   :  0.745 0.124 0.131 
 40    (0)   :  0.799 0.164 0.037 
 41    (0)   :  0.833 0.071 0.095 
 42    (0)   :  0.685 0.089 0.227 
 43    (0)   :  0.844 0.085 0.071 
 44    (0)   :  0.695 0.112 0.193 
 45    (0)   :  0.624 0.170 0.206 
 46    (0)   :  0.770 0.088 0.141 
 47    (0)   :  0.700 0.096 0.204 
 48    (0)   :  0.781 0.103 0.116 
 49    (0)   :  0.857 0.097 0.045 
 50    (0)   :  0.001 0.445 0.554 
 51    (1)   :  0.000 0.484 0.516 
 52    (0)   :  0.001 0.454 0.546 
 53    (0)   :  0.000 0.456 0.544 
 54    (0)   :  0.001 0.469 0.530 
 55    (0)   :  0.000 0.471 0.528 
 56    (0)   :  0.000 0.462 0.537 
 57    (0)   :  0.000 0.458 0.542 
 58    (0)   :  0.002 0.495 0.503 
 59    (0)   :  0.000 0.468 0.532 
 60    (0)   :  0.000 0.478 0.522 
 61    (0)   :  0.000 0.474 0.526 
 62    (0)   :  0.000 0.437 0.563 
 63    (0)   :  0.000 0.432 0.568 
 64    (0)   :  0.001 0.469 0.531 
 65    (0)   :  0.003 0.438 0.558 
 66    (0)   :  0.000 0.486 0.514 
 67    (1)   :  0.000 0.481 0.519 
 68    (0)   :  0.001 0.468 0.531 
 69    (0)   :  0.005 0.454 0.541 
 70    (0)   :  0.000 0.472 0.528 
 71    (0)   :  0.001 0.489 0.510 
 72    (0)   :  0.000 0.459 0.541 
 73    (0)   :  0.000 0.484 0.516 
 74    (0)   :  0.003 0.434 0.562 
 75    (0)   :  0.000 0.485 0.515 
 76    (0)   :  0.001 0.457 0.542 
 77    (0)   :  0.000 0.477 0.523 
 78    (0)   :  0.002 0.485 0.513 
 79    (0)   :  0.000 0.463 0.536 
 80    (0)   :  0.001 0.435 0.565 
 81    (0)   :  0.001 0.466 0.533 
 82    (0)   :  0.001 0.487 0.512 
 83    (0)   :  0.000 0.446 0.554 
 84    (0)   :  0.002 0.449 0.549 
 85    (0)   :  0.000 0.478 0.522 
 86    (0)   :  0.000 0.466 0.534 
 87    (0)   :  0.001 0.448 0.551 
 88    (0)   :  0.000 0.435 0.565 
 89    (0)   :  0.001 0.498 0.502 
 90    (0)   :  0.000 0.471 0.528 
 91    (0)   :  0.003 0.464 0.533 
 92    (0)   :  0.001 0.458 0.542 
 93    (0)   :  0.000 0.462 0.538 
 94    (0)   :  0.000 0.467 0.533 
 95    (0)   :  0.002 0.486 0.512 
 96    (2)   :  0.000 0.455 0.545 
 97    (0)   :  0.000 0.461 0.539 
 98    (0)   :  0.001 0.471 0.528 
 99    (0)   :  0.000 0.493 0.507 
100    (0)   :  0.000 0.474 0.526 
101    (0)   :  0.000 0.427 0.573 
102    (0)   :  0.001 0.493 0.507 
103    (0)   :  0.001 0.480 0.519 
104    (0)   :  0.000 0.496 0.504 
105    (0)   :  0.001 0.444 0.555 
106    (0)   :  0.001 0.478 0.521 
107    (0)   :  0.000 0.490 0.510 
108    (0)   :  0.003 0.487 0.510 
109    (0)   :  0.002 0.500 0.498 
110    (0)   :  0.002 0.444 0.555 
111    (0)   :  0.000 0.475 0.525 
112    (0)   :  0.000 0.455 0.545 
113    (0)   :  0.000 0.439 0.561 
114    (0)   :  0.001 0.493 0.506 
115    (0)   :  0.001 0.452 0.547 
116    (0)   :  0.003 0.510 0.487 
117    (0)   :  0.000 0.459 0.541 
118    (0)   :  0.000 0.494 0.506 
119    (0)   :  0.001 0.475 0.525 
120    (0)   :  0.000 0.495 0.505 
121    (0)   :  0.002 0.477 0.521 
122    (0)   :  0.000 0.448 0.552 
123    (1)   :  0.010 0.473 0.516 
124    (0)   :  0.003 0.491 0.506 
125    (0)   :  0.001 0.468 0.531 
126    (0)   :  0.002 0.473 0.526 
127    (0)   :  0.001 0.452 0.547 
128    (0)   :  0.000 0.492 0.507 
129    (0)   :  0.000 0.459 0.540 
130    (0)   :  0.002 0.440 0.558 
131    (0)   :  0.003 0.415 0.582 
132    (0)   :  0.006 0.462 0.533 
133    (0)   :  0.000 0.441 0.559 
134    (0)   :  0.000 0.465 0.534 
135    (0)   :  0.003 0.488 0.509 
136    (0)   :  0.001 0.465 0.534 
137    (1)   :  0.003 0.490 0.507 
138    (0)   :  0.000 0.461 0.538 
139    (1)   :  0.001 0.460 0.539 
140    (0)   :  0.002 0.492 0.506 
141    (0)   :  0.000 0.445 0.555 
142    (0)   :  0.001 0.457 0.543 
143    (0)   :  0.001 0.464 0.535 
144    (0)   :  0.000 0.466 0.534 
145    (0)   :  0.000 0.483 0.517 
146    (0)   :  0.002 0.433 0.565 
147    (0)   :  0.001 0.484 0.515 
148    (0)   :  0.001 0.464 0.535 
149    (0)   :  0.000 0.494 0.506 
150    (0)   :  0.000 0.481 0.519 
151    (0)   :  0.001 0.439 0.560 
152    (0)   :  0.000 0.478 0.522 
153    (0)   :  0.000 0.477 0.522 
154    (0)   :  0.000 0.465 0.535 
155    (0)   :  0.004 0.500 0.496 
156    (0)   :  0.014 0.554 0.432 
157    (0)   :  0.000 0.475 0.525 
158    (0)   :  0.003 0.437 0.559 
159    (0)   :  0.000 0.461 0.539 
160    (0)   :  0.000 0.435 0.565 
161    (0)   :  0.002 0.490 0.508 
162    (0)   :  0.083 0.913 0.004 
163    (0)   :  0.067 0.931 0.002 
164    (0)   :  0.076 0.858 0.067 
165    (0)   :  0.126 0.869 0.005 
166    (0)   :  0.047 0.683 0.271 
167    (0)   :  0.043 0.733 0.224 
168    (0)   :  0.073 0.922 0.006 
169    (1)   :  0.026 0.689 0.285 
170    (0)   :  0.073 0.831 0.096 
171    (0)   :  0.060 0.935 0.005 
172    (0)   :  0.049 0.915 0.036 
173    (0)   :  0.049 0.939 0.012 
174    (0)   :  0.061 0.936 0.003 
175    (1)   :  0.060 0.788 0.152 
176    (0)   :  0.071 0.829 0.099 
177    (0)   :  0.038 0.556 0.406 
178    (0)   :  0.051 0.713 0.236 
179    (0)   :  0.070 0.689 0.241 
180    (0)   :  0.020 0.724 0.256 
181    (0)   :  0.047 0.770 0.183 
182    (0)   :  0.073 0.925 0.003 
183    (0)   :  0.094 0.863 0.044 
184    (0)   :  0.064 0.857 0.080 
185    (0)   :  0.114 0.847 0.039 
186    (0)   :  0.113 0.871 0.016 
187    (0)   :  0.022 0.977 0.001 
188    (0)   :  0.044 0.920 0.035 
189    (0)   :  0.057 0.933 0.010 
190    (0)   :  0.072 0.872 0.056 
191    (0)   :  0.048 0.722 0.230 
192    (0)   :  0.078 0.891 0.032 
193    (0)   :  0.056 0.931 0.013 
194    (0)   :  0.029 0.958 0.013 
195    (0)   :  0.086 0.601 0.314 
196    (0)   :  0.066 0.903 0.031 
197    (0)   :  0.070 0.927 0.004 
198    (0)   :  0.047 0.707 0.245 
199    (0)   :  0.088 0.802 0.110 
200    (0)   :  0.076 0.907 0.016 
201    (0)   :  0.048 0.769 0.183 
202    (0)   :  0.090 0.903 0.007 
203    (0)   :  0.089 0.893 0.018 
204    (0)   :  0.097 0.828 0.075 
205    (0)   :  0.069 0.917 0.015 
206    (0)   :  0.073 0.895 0.032 
207    (0)   :  0.055 0.734 0.211 
208    (0)   :  0.100 0.821 0.079 
209    (0)   :  0.035 0.962 0.003 
210    (0)   :  0.019 0.495 0.487 
211    (0)   :  0.044 0.746 0.210 
212    (0)   :  0.980 0.000 0.020 
213    (0)   :  0.983 0.001 0.016 
214    (0)   :  0.983 0.002 0.014 
215    (0)   :  0.980 0.003 0.017 
216    (0)   :  0.976 0.002 0.022 
217    (0)   :  0.980 0.002 0.018 
218    (0)   :  0.992 0.002 0.006 
219    (0)   :  0.970 0.000 0.029 
220    (0)   :  0.976 0.011 0.012 
221    (0)   :  0.979 0.005 0.016 
222    (0)   :  0.973 0.004 0.023 
223    (0)   :  0.966 0.003 0.030 
224    (0)   :  0.981 0.010 0.009 
225    (0)   :  0.964 0.013 0.022 
226    (0)   :  0.982 0.000 0.018 
227    (0)   :  0.991 0.007 0.002 
228    (0)   :  0.982 0.002 0.016 
229    (0)   :  0.973 0.015 0.012 
230    (0)   :  0.969 0.002 0.028 
231    (0)   :  0.980 0.005 0.015 
232    (0)   :  0.968 0.001 0.031 
233    (0)   :  0.968 0.011 0.021 
234    (0)   :  0.977 0.008 0.015 
235    (0)   :  0.983 0.006 0.011 
236    (0)   :  0.985 0.002 0.013 
237    (2)   :  0.969 0.009 0.022 
238    (0)   :  0.986 0.008 0.006 
239    (0)   :  0.970 0.015 0.015 
240    (0)   :  0.979 0.001 0.020 
241    (0)   :  0.970 0.009 0.020 
242    (0)   :  0.976 0.005 0.019 
243    (0)   :  0.980 0.001 0.019 
244    (0)   :  0.971 0.004 0.025 
245    (0)   :  0.977 0.012 0.011 
246    (0)   :  0.972 0.009 0.019 
247    (0)   :  0.977 0.002 0.021 
248    (1)   :  0.969 0.017 0.013 
249    (0)   :  0.970 0.002 0.028 
250    (0)   :  0.970 0.004 0.026 
251    (0)   :  0.982 0.004 0.015 
252    (1)   :  0.955 0.002 0.043 
253    (0)   :  0.978 0.006 0.016 
254    (0)   :  0.979 0.002 0.020 
255    (0)   :  0.973 0.011 0.016 
256    (0)   :  0.976 0.003 0.020 
257    (0)   :  0.970 0.014 0.016 
258    (1)   :  0.964 0.006 0.030 
259    (0)   :  0.974 0.008 0.018 
260    (0)   :  0.982 0.006 0.012 
261    (0)   :  0.980 0.009 0.011 
262    (0)   :  0.964 0.004 0.032 
263    (0)   :  0.979 0.002 0.019 
264    (0)   :  0.986 0.005 0.009 
265    (0)   :  0.971 0.003 0.027 
266    (0)   :  0.985 0.000 0.014 
267    (0)   :  0.974 0.001 0.025 
268    (0)   :  0.977 0.009 0.014 
269    (0)   :  0.971 0.001 0.028 
270    (0)   :  0.983 0.001 0.017 
271    (0)   :  0.990 0.002 0.008 
272    (0)   :  0.980 0.019 0.001 
273    (0)   :  0.969 0.004 0.027 
274    (0)   :  0.971 0.004 0.025 
275    (0)   :  0.967 0.001 0.033 
276    (0)   :  0.971 0.010 0.019 
277    (0)   :  0.969 0.000 0.031 
278    (0)   :  0.972 0.006 0.021 
279    (0)   :  0.954 0.007 0.039 
280    (0)   :  0.973 0.003 0.023 
281    (0)   :  0.964 0.010 0.026 
282    (0)   :  0.983 0.011 0.006 
283    (0)   :  0.981 0.000 0.019 
284    (0)   :  0.970 0.008 0.022 
285    (0)   :  0.975 0.006 0.019 
286    (0)   :  0.975 0.008 0.017 
287    (0)   :  0.980 0.007 0.013 
288    (0)   :  0.982 0.016 0.002 
289    (0)   :  0.983 0.003 0.015 
290    (0)   :  0.986 0.005 0.009 
291    (0)   :  0.971 0.005 0.024 
292    (0)   :  0.982 0.017 0.001 
293    (0)   :  0.973 0.007 0.020 
294    (0)   :  0.970 0.000 0.030 
295    (0)   :  0.985 0.014 0.001 
296    (0)   :  0.980 0.012 0.008 
297    (0)   :  0.974 0.007 0.019 
298    (0)   :  0.971 0.009 0.020 
299    (0)   :  0.963 0.011 0.026 
300    (0)   :  0.964 0.008 0.027 
301    (0)   :  0.961 0.003 0.036 
302    (0)   :  0.976 0.006 0.018 
303    (0)   :  0.968 0.016 0.016 
304    (0)   :  0.978 0.006 0.016 
305    (0)   :  0.979 0.003 0.018 
306    (0)   :  0.967 0.008 0.024 
307    (0)   :  0.976 0.010 0.014 
308    (0)   :  0.970 0.010 0.021 
309    (0)   :  0.969 0.003 0.028 
310    (0)   :  0.966 0.001 0.033 
311    (0)   :  0.970 0.013 0.017 
312    (0)   :  0.978 0.000 0.022 
313    (0)   :  0.987 0.006 0.007 
314    (0)   :  0.975 0.001 0.024 
315    (0)   :  0.972 0.023 0.004 
316    (0)   :  0.980 0.009 0.011 
317    (0)   :  0.981 0.008 0.011 
318    (0)   :  0.974 0.010 0.017 
319    (0)   :  0.965 0.001 0.034 
320    (0)   :  0.974 0.003 0.022 
321    (0)   :  0.986 0.013 0.001 
322    (0)   :  0.992 0.002 0.006 
323    (0)   :  0.982 0.005 0.013 
324    (0)   :  0.967 0.012 0.021 


Estimated Allele Frequencies in each cluster
First column gives estimated ancestral frequencies


Locus 1 : 
1 alleles
1.2% missing data
   2   (1.000) 1.000 1.000 1.000 

Locus 2 : 
2 alleles
0.6% missing data
   2   (0.816) 0.934 0.923 0.890 
   1   (0.184) 0.066 0.077 0.110 

Locus 3 : 
2 alleles
0.0% missing data
   1   (0.205) 0.621 0.021 0.124 
   2   (0.795) 0.379 0.979 0.876 

Locus 4 : 
2 alleles
0.9% missing data
   2   (0.792) 0.676 0.966 0.865 
   1   (0.208) 0.324 0.034 0.135 

Locus 5 : 
2 alleles
0.0% missing data
   2   (0.402) 0.930 0.397 0.033 
   1   (0.598) 0.070 0.603 0.967 

Locus 6 : 
1 alleles
0.0% missing data
   2   (1.000) 1.000 1.000 1.000 

Locus 7 : 
2 alleles
0.0% missing data
   1   (0.046) 0.010 0.001 0.002 
   2   (0.954) 0.990 0.999 0.998 

Locus 8 : 
2 alleles
0.0% missing data
   1   (0.381) 0.803 0.130 0.176 
   2   (0.619) 0.197 0.870 0.824 

Locus 9 : 
2 alleles
0.0% missing data
   2   (0.700) 0.868 0.890 0.412 
   1   (0.300) 0.132 0.110 0.588 

Locus 10 : 
2 alleles
0.9% missing data
   1   (0.223) 0.137 0.141 0.173 
   2   (0.777) 0.863 0.859 0.827 

Locus 11 : 
1 alleles
0.6% missing data
   2   (1.000) 1.000 1.000 1.000 

Locus 12 : 
2 alleles
0.0% missing data
   2   (0.452) 0.838 0.246 0.214 
   1   (0.548) 0.162 0.754 0.786 

Locus 13 : 
2 alleles
0.3% missing data
   1   (0.201) 0.450 0.134 0.019 
   2   (0.799) 0.550 0.866 0.981 

Locus 14 : 
2 alleles
0.0% missing data
   2   (0.950) 0.999 0.906 0.999 
   1   (0.050) 0.001 0.094 0.001 

Locus 15 : 
2 alleles
0.3% missing data
   2   (0.835) 0.849 0.891 0.968 
   1   (0.165) 0.151 0.109 0.032 

Locus 16 : 
2 alleles
1.2% missing data
   2   (0.752) 0.993 0.707 0.437 
   1   (0.248) 0.007 0.293 0.563 

Locus 17 : 
2 alleles
0.0% missing data
   2   (0.933) 0.999 0.926 0.987 
   1   (0.067) 0.001 0.074 0.013 

Locus 18 : 
2 alleles
0.3% missing data
   1   (0.458) 0.423 0.703 0.274 
   2   (0.542) 0.577 0.297 0.726 

Locus 19 : 
2 alleles
0.0% missing data
   1   (0.321) 0.404 0.154 0.309 
   2   (0.679) 0.596 0.846 0.691 

Locus 20 : 
2 alleles
0.6% missing data
   1   (0.088) 0.213 0.002 0.003 
   2   (0.912) 0.787 0.998 0.997 

Locus 21 : 
2 alleles
0.0% missing data
   1   (0.356) 0.403 0.125 0.438 
   2   (0.644) 0.597 0.875 0.562 

Locus 22 : 
2 alleles
0.0% missing data
   1   (0.402) 0.351 0.187 0.608 
   2   (0.598) 0.649 0.813 0.392 

Locus 23 : 
2 alleles
0.3% missing data
   1   (0.065) 0.278 0.002 0.002 
   2   (0.935) 0.722 0.998 0.998 

Locus 24 : 
2 alleles
0.3% missing data
   1   (0.462) 0.402 0.551 0.328 
   2   (0.538) 0.598 0.449 0.672 

Locus 25 : 
2 alleles
0.0% missing data
   1   (0.318) 0.279 0.174 0.229 
   2   (0.682) 0.721 0.826 0.771 

Locus 26 : 
2 alleles
0.3% missing data
   2   (0.565) 0.715 0.448 0.605 
   1   (0.435) 0.285 0.552 0.395 

Locus 27 : 
2 alleles
0.0% missing data
   1   (0.425) 0.305 0.462 0.368 
   2   (0.575) 0.695 0.538 0.632 

Locus 28 : 
2 alleles
0.0% missing data
   2   (0.849) 0.944 0.892 0.965 
   1   (0.151) 0.056 0.108 0.035 

Locus 29 : 
2 alleles
0.0% missing data
   2   (0.846) 0.978 0.936 0.882 
   1   (0.154) 0.022 0.064 0.118 

Locus 30 : 
2 alleles
0.0% missing data
   1   (0.214) 0.346 0.181 0.028 
   2   (0.786) 0.654 0.819 0.972 

Locus 31 : 
2 alleles
0.3% missing data
   2   (0.471) 0.545 0.569 0.346 
   1   (0.529) 0.455 0.431 0.654 

Locus 32 : 
2 alleles
0.0% missing data
   2   (0.784) 0.959 0.875 0.805 
   1   (0.216) 0.041 0.125 0.195 

Locus 33 : 
2 alleles
0.6% missing data
   1   (0.223) 0.050 0.287 0.192 
   2   (0.777) 0.950 0.713 0.808 

Locus 34 : 
2 alleles
0.3% missing data
   2   (0.584) 0.913 0.475 0.309 
   1   (0.416) 0.087 0.525 0.691 

Locus 35 : 
2 alleles
0.6% missing data
   1   (0.334) 0.179 0.227 0.334 
   2   (0.666) 0.821 0.773 0.666 

Locus 36 : 
2 alleles
0.0% missing data
   2   (0.633) 0.478 0.826 0.655 
   1   (0.367) 0.522 0.174 0.345 

Locus 37 : 
2 alleles
0.0% missing data
   2   (0.831) 0.593 0.830 0.994 
   1   (0.169) 0.407 0.170 0.006 

Locus 38 : 
2 alleles
0.0% missing data
   2   (0.815) 0.998 0.772 0.488 
   1   (0.185) 0.002 0.228 0.512 

Locus 39 : 
2 alleles
0.0% missing data
   2   (0.495) 0.720 0.389 0.487 
   1   (0.505) 0.280 0.611 0.513 

Locus 40 : 
2 alleles
0.0% missing data
   2   (0.808) 0.966 0.843 0.804 
   1   (0.192) 0.034 0.157 0.196 

Locus 41 : 
2 alleles
0.3% missing data
   1   (0.497) 0.384 0.569 0.591 
   2   (0.503) 0.616 0.431 0.409 

Locus 42 : 
2 alleles
0.6% missing data
   1   (0.450) 0.486 0.425 0.347 
   2   (0.550) 0.514 0.575 0.653 

Locus 43 : 
2 alleles
0.0% missing data
   2   (0.823) 0.997 0.802 0.627 
   1   (0.177) 0.003 0.198 0.373 

Locus 44 : 
2 alleles
0.0% missing data
   2   (0.838) 0.997 0.902 0.501 
   1   (0.162) 0.003 0.098 0.499 

Locus 45 : 
2 alleles
0.0% missing data
   2   (0.962) 0.999 0.986 0.998 
   1   (0.038) 0.001 0.014 0.002 

Locus 46 : 
2 alleles
0.0% missing data
   1   (0.257) 0.800 0.175 0.025 
   2   (0.743) 0.200 0.825 0.975 

Locus 47 : 
2 alleles
0.0% missing data
   2   (0.930) 0.950 0.996 0.996 
   1   (0.070) 0.050 0.004 0.004 

Locus 48 : 
2 alleles
0.0% missing data
   1   (0.350) 0.850 0.092 0.172 
   2   (0.650) 0.150 0.908 0.828 

Locus 49 : 
2 alleles
0.3% missing data
   2   (0.498) 0.594 0.479 0.467 
   1   (0.502) 0.406 0.521 0.533 

Locus 50 : 
2 alleles
0.0% missing data
   2   (0.835) 0.983 0.838 0.845 
   1   (0.165) 0.017 0.162 0.155 

Locus 51 : 
2 alleles
0.0% missing data
   1   (0.156) 0.146 0.024 0.046 
   2   (0.844) 0.854 0.976 0.954 

Locus 52 : 
2 alleles
0.0% missing data
   1   (0.399) 0.531 0.359 0.171 
   2   (0.601) 0.469 0.641 0.829 

Locus 53 : 
2 alleles
0.3% missing data
   2   (0.689) 0.590 0.906 0.597 
   1   (0.311) 0.410 0.094 0.403 

Locus 54 : 
2 alleles
0.0% missing data
   2   (0.883) 0.702 0.991 0.987 
   1   (0.117) 0.298 0.009 0.013 

Locus 55 : 
2 alleles
0.3% missing data
   2   (0.555) 0.942 0.210 0.341 
   1   (0.445) 0.058 0.790 0.659 

Locus 56 : 
2 alleles
0.0% missing data
   1   (0.385) 0.502 0.186 0.393 
   2   (0.615) 0.498 0.814 0.607 

Locus 57 : 
2 alleles
0.0% missing data
   2   (0.523) 0.642 0.482 0.420 
   1   (0.477) 0.358 0.518 0.580 

Locus 58 : 
2 alleles
0.0% missing data
   2   (0.944) 0.923 0.999 0.998 
   1   (0.056) 0.077 0.001 0.002 

Locus 59 : 
2 alleles
1.2% missing data
   2   (0.726) 0.938 0.803 0.567 
   1   (0.274) 0.062 0.197 0.433 

Locus 60 : 
2 alleles
0.0% missing data
   2   (0.602) 0.483 0.567 0.889 
   1   (0.398) 0.517 0.433 0.111 

Locus 61 : 
2 alleles
0.3% missing data
   1   (0.371) 0.659 0.147 0.252 
   2   (0.629) 0.341 0.853 0.748 

Locus 62 : 
2 alleles
0.3% missing data
   2   (0.864) 0.935 0.984 0.881 
   1   (0.136) 0.065 0.016 0.119 

Locus 63 : 
2 alleles
0.3% missing data
   1   (0.336) 0.166 0.371 0.237 
   2   (0.664) 0.834 0.629 0.763 

Locus 64 : 
2 alleles
0.0% missing data
   2   (0.737) 0.867 0.861 0.724 
   1   (0.263) 0.133 0.139 0.276 

Locus 65 : 
2 alleles
0.0% missing data
   2   (0.829) 0.982 0.835 0.893 
   1   (0.171) 0.018 0.165 0.107 

Locus 66 : 
2 alleles
0.6% missing data
   2   (0.894) 0.810 0.991 0.991 
   1   (0.106) 0.190 0.009 0.009 

Locus 67 : 
2 alleles
0.9% missing data
   1   (0.453) 0.262 0.391 0.606 
   2   (0.547) 0.738 0.609 0.394 

Locus 68 : 
2 alleles
0.3% missing data
   1   (0.524) 0.344 0.796 0.326 
   2   (0.476) 0.656 0.204 0.674 

Locus 69 : 
2 alleles
0.0% missing data
   1   (0.228) 0.059 0.124 0.370 
   2   (0.772) 0.941 0.876 0.630 

Locus 70 : 
2 alleles
0.9% missing data
   1   (0.316) 0.399 0.361 0.133 
   2   (0.684) 0.601 0.639 0.867 

Locus 71 : 
2 alleles
2.5% missing data
   1   (0.466) 0.553 0.429 0.427 
   2   (0.534) 0.447 0.571 0.573 

Locus 72 : 
2 alleles
0.0% missing data
   2   (0.783) 0.922 0.851 0.788 
   1   (0.217) 0.078 0.149 0.212 

Locus 73 : 
2 alleles
0.6% missing data
   1   (0.470) 0.580 0.329 0.448 
   2   (0.530) 0.420 0.671 0.552 

Locus 74 : 
2 alleles
0.0% missing data
   1   (0.071) 0.131 0.005 0.002 
   2   (0.929) 0.869 0.995 0.998 

Locus 75 : 
2 alleles
0.0% missing data
   2   (0.931) 0.998 0.979 0.986 
   1   (0.069) 0.002 0.021 0.014 

Locus 76 : 
2 alleles
0.0% missing data
   1   (0.168) 0.087 0.046 0.162 
   2   (0.832) 0.913 0.954 0.838 

Locus 77 : 
2 alleles
0.3% missing data
   1   (0.273) 0.155 0.479 0.095 
   2   (0.727) 0.845 0.521 0.905 

Locus 78 : 
2 alleles
0.0% missing data
   2   (0.733) 0.896 0.684 0.838 
   1   (0.267) 0.104 0.316 0.162 

Locus 79 : 
2 alleles
0.6% missing data
   1   (0.301) 0.146 0.393 0.208 
   2   (0.699) 0.854 0.607 0.792 

Locus 80 : 
2 alleles
0.9% missing data
   2   (0.808) 0.853 0.849 0.938 
   1   (0.192) 0.147 0.151 0.062 

Locus 81 : 
2 alleles
0.0% missing data
   1   (0.457) 0.632 0.371 0.297 
   2   (0.543) 0.368 0.629 0.703 

Locus 82 : 
2 alleles
0.0% missing data
   1   (0.328) 0.379 0.155 0.288 
   2   (0.672) 0.621 0.845 0.712 

Locus 83 : 
2 alleles
1.9% missing data
   2   (0.605) 0.531 0.851 0.466 
   1   (0.395) 0.469 0.149 0.534 

Locus 84 : 
2 alleles
0.0% missing data
   2   (0.872) 0.998 0.844 0.782 
   1   (0.128) 0.002 0.156 0.218 

Locus 85 : 
2 alleles
0.0% missing data
   1   (0.384) 0.402 0.163 0.498 
   2   (0.616) 0.598 0.837 0.502 

Locus 86 : 
2 alleles
0.0% missing data
   2   (0.675) 0.962 0.572 0.408 
   1   (0.325) 0.038 0.428 0.592 

Locus 87 : 
2 alleles
0.9% missing data
   2   (0.705) 0.613 0.893 0.722 
   1   (0.295) 0.387 0.107 0.278 

Locus 88 : 
2 alleles
0.9% missing data
   2   (0.900) 0.994 0.808 0.978 
   1   (0.100) 0.006 0.192 0.022 

Locus 89 : 
2 alleles
0.3% missing data
   1   (0.181) 0.340 0.094 0.025 
   2   (0.819) 0.660 0.906 0.975 

Locus 90 : 
2 alleles
0.0% missing data
   1   (0.148) 0.062 0.035 0.052 
   2   (0.852) 0.938 0.965 0.948 

Locus 91 : 
2 alleles
0.0% missing data
   2   (0.591) 0.552 0.652 0.587 
   1   (0.409) 0.448 0.348 0.413 

Locus 92 : 
2 alleles
0.0% missing data
   1   (0.452) 0.327 0.567 0.396 
   2   (0.548) 0.673 0.433 0.604 

Locus 93 : 
2 alleles
0.3% missing data
   2   (0.699) 0.709 0.892 0.676 
   1   (0.301) 0.291 0.108 0.324 

Locus 94 : 
2 alleles
0.3% missing data
   2   (0.844) 0.997 0.847 0.689 
   1   (0.156) 0.003 0.153 0.311 

Locus 95 : 
2 alleles
0.0% missing data
   1   (0.299) 0.244 0.336 0.127 
   2   (0.701) 0.756 0.664 0.873 

Locus 96 : 
2 alleles
0.0% missing data
   1   (0.331) 0.267 0.235 0.265 
   2   (0.669) 0.733 0.765 0.735 

Locus 97 : 
2 alleles
0.0% missing data
   1   (0.042) 0.045 0.001 0.001 
   2   (0.958) 0.955 0.999 0.999 

Locus 98 : 
2 alleles
0.0% missing data
   2   (0.596) 0.727 0.552 0.616 
   1   (0.404) 0.273 0.448 0.384 

Locus 99 : 
2 alleles
0.3% missing data
   1   (0.360) 0.403 0.365 0.189 
   2   (0.640) 0.597 0.635 0.811 

Locus 100 : 
2 alleles
0.3% missing data
   2   (0.930) 0.766 0.997 0.998 
   1   (0.070) 0.234 0.003 0.002 

Locus 101 : 
2 alleles
0.0% missing data
   2   (0.904) 0.987 0.929 0.993 
   1   (0.096) 0.013 0.071 0.007 

Locus 102 : 
2 alleles
0.0% missing data
   2   (0.581) 0.879 0.384 0.512 
   1   (0.419) 0.121 0.616 0.488 

Locus 103 : 
2 alleles
0.3% missing data
   2   (0.797) 0.889 0.497 0.970 
   1   (0.203) 0.111 0.503 0.030 

Locus 104 : 
2 alleles
0.6% missing data
   2   (0.792) 0.989 0.841 0.563 
   1   (0.208) 0.011 0.159 0.437 

Locus 105 : 
2 alleles
0.0% missing data
   1   (0.341) 0.190 0.549 0.164 
   2   (0.659) 0.810 0.451 0.836 

Locus 106 : 
2 alleles
1.2% missing data
   2   (0.916) 0.999 0.618 0.988 
   1   (0.084) 0.001 0.382 0.012 

Locus 107 : 
2 alleles
0.0% missing data
   2   (0.854) 0.800 0.984 0.932 
   1   (0.146) 0.200 0.016 0.068 

Locus 108 : 
2 alleles
0.3% missing data
   1   (0.095) 0.036 0.067 0.003 
   2   (0.905) 0.964 0.933 0.997 

Locus 109 : 
2 alleles
0.0% missing data
   2   (0.955) 0.949 0.999 0.998 
   1   (0.045) 0.051 0.001 0.002 

Locus 110 : 
2 alleles
0.0% missing data
   1   (0.053) 0.220 0.001 0.002 
   2   (0.947) 0.780 0.999 0.998 

Locus 111 : 
2 alleles
0.3% missing data
   2   (0.955) 0.953 0.999 0.999 
   1   (0.045) 0.047 0.001 0.001 

Locus 112 : 
2 alleles
0.0% missing data
   1   (0.510) 0.077 0.515 0.882 
   2   (0.490) 0.923 0.485 0.118 

Locus 113 : 
2 alleles
0.3% missing data
   2   (0.862) 0.970 0.987 0.874 
   1   (0.138) 0.030 0.013 0.126 

Locus 114 : 
2 alleles
0.3% missing data
   2   (0.946) 0.836 0.999 0.998 
   1   (0.054) 0.164 0.001 0.002 

Locus 115 : 
2 alleles
0.0% missing data
   2   (0.530) 0.589 0.386 0.630 
   1   (0.470) 0.411 0.614 0.370 

Locus 116 : 
2 alleles
0.0% missing data
   1   (0.443) 0.468 0.305 0.535 
   2   (0.557) 0.532 0.695 0.465 

Locus 117 : 
2 alleles
0.0% missing data
   2   (0.733) 0.943 0.497 0.862 
   1   (0.267) 0.057 0.503 0.138 

Locus 118 : 
2 alleles
0.3% missing data
   2   (0.594) 0.467 0.561 0.853 
   1   (0.406) 0.533 0.439 0.147 

Locus 119 : 
2 alleles
0.0% missing data
   1   (0.394) 0.643 0.192 0.332 
   2   (0.606) 0.357 0.808 0.668 

Locus 120 : 
2 alleles
0.0% missing data
   1   (0.485) 0.573 0.229 0.678 
   2   (0.515) 0.427 0.771 0.322 

Locus 121 : 
2 alleles
0.6% missing data
   1   (0.360) 0.623 0.100 0.383 
   2   (0.640) 0.377 0.900 0.617 

Locus 122 : 
2 alleles
0.0% missing data
   1   (0.077) 0.283 0.003 0.003 
   2   (0.923) 0.717 0.997 0.997 

Locus 123 : 
2 alleles
0.3% missing data
   2   (0.527) 0.631 0.613 0.402 
   1   (0.473) 0.369 0.387 0.598 

Locus 124 : 
2 alleles
0.3% missing data
   1   (0.424) 0.642 0.265 0.397 
   2   (0.576) 0.358 0.735 0.603 

Locus 125 : 
2 alleles
0.0% missing data
   2   (0.724) 0.817 0.854 0.716 
   1   (0.276) 0.183 0.146 0.284 

Locus 126 : 
2 alleles
0.0% missing data
   1   (0.579) 0.372 0.420 0.848 
   2   (0.421) 0.628 0.580 0.152 

Locus 127 : 
2 alleles
0.0% missing data
   2   (0.559) 0.724 0.547 0.432 
   1   (0.441) 0.276 0.453 0.568 

Locus 128 : 
2 alleles
0.0% missing data
   1   (0.122) 0.038 0.041 0.059 
   2   (0.878) 0.962 0.959 0.941 

Locus 129 : 
2 alleles
0.0% missing data
   2   (0.868) 0.988 0.963 0.889 
   1   (0.132) 0.012 0.037 0.111 

Locus 130 : 
2 alleles
1.2% missing data
   2   (0.946) 0.829 0.998 0.998 
   1   (0.054) 0.171 0.002 0.002 

Locus 131 : 
1 alleles
0.0% missing data
   2   (1.000) 1.000 1.000 1.000 

Locus 132 : 
2 alleles
0.3% missing data
   2   (0.925) 0.731 0.996 0.996 
   1   (0.075) 0.269 0.004 0.004 

Locus 133 : 
2 alleles
0.0% missing data
   2   (0.940) 0.998 0.992 0.960 
   1   (0.060) 0.002 0.008 0.040 

Locus 134 : 
2 alleles
0.0% missing data
   2   (0.901) 0.749 0.992 0.993 
   1   (0.099) 0.251 0.008 0.007 

Locus 135 : 
2 alleles
0.3% missing data
   2   (0.651) 0.653 0.680 0.727 
   1   (0.349) 0.347 0.320 0.273 

Locus 136 : 
2 alleles
0.0% missing data
   2   (0.779) 0.968 0.866 0.726 
   1   (0.221) 0.032 0.134 0.274 

Locus 137 : 
2 alleles
0.6% missing data
   1   (0.173) 0.305 0.071 0.019 
   2   (0.827) 0.695 0.929 0.981 

Locus 138 : 
2 alleles
0.6% missing data
   2   (0.747) 0.942 0.787 0.679 
   1   (0.253) 0.058 0.213 0.321 

Locus 139 : 
2 alleles
0.0% missing data
   2   (0.776) 0.969 0.774 0.837 
   1   (0.224) 0.031 0.226 0.163 

Locus 140 : 
1 alleles
0.0% missing data
   2   (1.000) 1.000 1.000 1.000 

Locus 141 : 
2 alleles
0.0% missing data
   2   (0.848) 0.910 0.815 0.979 
   1   (0.152) 0.090 0.185 0.021 

Locus 142 : 
2 alleles
0.3% missing data
   1   (0.523) 0.359 0.629 0.510 
   2   (0.477) 0.641 0.371 0.490 

Locus 143 : 
2 alleles
0.0% missing data
   2   (0.735) 0.819 0.887 0.752 
   1   (0.265) 0.181 0.113 0.248 

Locus 144 : 
2 alleles
0.6% missing data
   2   (0.947) 0.856 0.998 0.998 
   1   (0.053) 0.144 0.002 0.002 

Locus 145 : 
2 alleles
0.0% missing data
   2   (0.552) 0.889 0.487 0.250 
   1   (0.448) 0.111 0.513 0.750 

Locus 146 : 
2 alleles
0.3% missing data
   2   (0.602) 0.796 0.543 0.657 
   1   (0.398) 0.204 0.457 0.343 

Locus 147 : 
2 alleles
0.0% missing data
   2   (0.585) 0.479 0.468 0.774 
   1   (0.415) 0.521 0.532 0.226 

Locus 148 : 
2 alleles
0.0% missing data
   1   (0.397) 0.499 0.218 0.251 
   2   (0.603) 0.501 0.782 0.749 

Locus 149 : 
2 alleles
0.3% missing data
   1   (0.364) 0.143 0.216 0.676 
   2   (0.636) 0.857 0.784 0.324 

Locus 150 : 
2 alleles
0.0% missing data
   2   (0.917) 0.998 0.905 0.981 
   1   (0.083) 0.002 0.095 0.019 

Locus 151 : 
2 alleles
0.3% missing data
   2   (0.427) 0.737 0.441 0.171 
   1   (0.573) 0.263 0.559 0.829 

Locus 152 : 
2 alleles
0.0% missing data
   1   (0.305) 0.389 0.151 0.189 
   2   (0.695) 0.611 0.849 0.811 

Locus 153 : 
2 alleles
0.0% missing data
   2   (0.626) 0.949 0.443 0.358 
   1   (0.374) 0.051 0.557 0.642 

Locus 154 : 
2 alleles
0.6% missing data
   2   (0.806) 0.994 0.652 0.585 
   1   (0.194) 0.006 0.348 0.415 

Locus 155 : 
2 alleles
0.0% missing data
   2   (0.903) 0.930 0.994 0.978 
   1   (0.097) 0.070 0.006 0.022 

Locus 156 : 
2 alleles
1.9% missing data
   2   (0.830) 0.869 0.916 0.950 
   1   (0.170) 0.131 0.084 0.050 

Locus 157 : 
2 alleles
0.0% missing data
   2   (0.943) 0.770 0.999 0.999 
   1   (0.057) 0.230 0.001 0.001 

Locus 158 : 
2 alleles
1.5% missing data
   1   (0.067) 0.348 0.002 0.002 
   2   (0.933) 0.652 0.998 0.998 

Locus 159 : 
1 alleles
0.0% missing data
   2   (1.000) 1.000 1.000 1.000 

Locus 160 : 
2 alleles
2.5% missing data
   2   (0.945) 0.944 0.999 0.998 
   1   (0.055) 0.056 0.001 0.002 

Locus 161 : 
2 alleles
0.0% missing data
   2   (0.777) 0.957 0.745 0.865 
   1   (0.223) 0.043 0.255 0.135 

Locus 162 : 
2 alleles
0.6% missing data
   1   (0.238) 0.580 0.063 0.073 
   2   (0.762) 0.420 0.937 0.927 

Locus 163 : 
2 alleles
0.3% missing data
   2   (0.854) 0.990 0.758 0.963 
   1   (0.146) 0.010 0.242 0.037 

Locus 164 : 
2 alleles
0.6% missing data
   2   (0.737) 0.959 0.546 0.760 
   1   (0.263) 0.041 0.454 0.240 

Locus 165 : 
2 alleles
0.9% missing data
   2   (0.787) 0.935 0.890 0.819 
   1   (0.213) 0.065 0.110 0.181 

Locus 166 : 
2 alleles
0.3% missing data
   1   (0.349) 0.393 0.188 0.302 
   2   (0.651) 0.607 0.812 0.698 

Locus 167 : 
2 alleles
1.5% missing data
   1   (0.186) 0.069 0.350 0.033 
   2   (0.814) 0.931 0.650 0.967 

Locus 168 : 
2 alleles
0.0% missing data
   2   (0.633) 0.654 0.819 0.644 
   1   (0.367) 0.346 0.181 0.356 

Locus 169 : 
2 alleles
0.0% missing data
   2   (0.859) 0.998 0.467 0.869 
   1   (0.141) 0.002 0.533 0.131 

Locus 170 : 
2 alleles
0.0% missing data
   1   (0.119) 0.605 0.004 0.004 
   2   (0.881) 0.395 0.996 0.996 

Locus 171 : 
2 alleles
0.6% missing data
   1   (0.228) 0.672 0.215 0.013 
   2   (0.772) 0.328 0.785 0.987 

Locus 172 : 
2 alleles
0.0% missing data
   1   (0.129) 0.354 0.039 0.009 
   2   (0.871) 0.646 0.961 0.991 

Locus 173 : 
2 alleles
0.0% missing data
   2   (0.938) 0.901 0.998 0.999 
   1   (0.062) 0.099 0.002 0.001 

Locus 174 : 
2 alleles
0.6% missing data
   1   (0.668) 0.153 0.643 0.954 
   2   (0.332) 0.847 0.357 0.046 

Locus 175 : 
2 alleles
0.0% missing data
   1   (0.177) 0.655 0.144 0.005 
   2   (0.823) 0.345 0.856 0.995 

Locus 176 : 
2 alleles
0.3% missing data
   2   (0.958) 0.996 0.999 0.998 
   1   (0.042) 0.004 0.001 0.002 

Locus 177 : 
2 alleles
0.0% missing data
   2   (0.812) 0.938 0.856 0.920 
   1   (0.188) 0.062 0.144 0.080 

Locus 178 : 
2 alleles
0.9% missing data
   2   (0.486) 0.786 0.441 0.281 
   1   (0.514) 0.214 0.559 0.719 

Locus 179 : 
2 alleles
0.0% missing data
   1   (0.124) 0.451 0.010 0.043 
   2   (0.876) 0.549 0.990 0.957 

Locus 180 : 
2 alleles
0.3% missing data
   2   (0.885) 0.993 0.798 0.969 
   1   (0.115) 0.007 0.202 0.031 

Locus 181 : 
2 alleles
0.0% missing data
   1   (0.211) 0.079 0.100 0.242 
   2   (0.789) 0.921 0.900 0.758 

Locus 182 : 
2 alleles
0.0% missing data
   1   (0.468) 0.389 0.587 0.437 
   2   (0.532) 0.611 0.413 0.563 

Locus 183 : 
2 alleles
0.0% missing data
   2   (0.815) 0.948 0.867 0.870 
   1   (0.185) 0.052 0.133 0.130 

Locus 184 : 
2 alleles
0.0% missing data
   2   (0.929) 0.999 0.948 0.977 
   1   (0.071) 0.001 0.052 0.023 

Locus 185 : 
2 alleles
0.3% missing data
   2   (0.786) 0.834 0.942 0.866 
   1   (0.214) 0.166 0.058 0.134 

Locus 186 : 
2 alleles
0.6% missing data
   2   (0.947) 0.909 0.999 0.999 
   1   (0.053) 0.091 0.001 0.001 

Locus 187 : 
2 alleles
0.0% missing data
   1   (0.390) 0.449 0.226 0.308 
   2   (0.610) 0.551 0.774 0.692 

Locus 188 : 
2 alleles
0.0% missing data
   2   (0.896) 0.996 0.974 0.810 
   1   (0.104) 0.004 0.026 0.190 

Locus 189 : 
2 alleles
0.0% missing data
   2   (0.936) 0.825 0.998 0.998 
   1   (0.064) 0.175 0.002 0.002 

Locus 190 : 
2 alleles
0.0% missing data
   2   (0.791) 0.717 0.970 0.781 
   1   (0.209) 0.283 0.030 0.219 

Locus 191 : 
2 alleles
0.3% missing data
   2   (0.443) 0.762 0.212 0.376 
   1   (0.557) 0.238 0.788 0.624 

Locus 192 : 
2 alleles
0.0% missing data
   2   (0.820) 0.775 0.925 0.990 
   1   (0.180) 0.225 0.075 0.010 

Locus 193 : 
2 alleles
0.0% missing data
   2   (0.802) 0.916 0.893 0.871 
   1   (0.198) 0.084 0.107 0.129 

Locus 194 : 
2 alleles
0.9% missing data
   1   (0.331) 0.539 0.317 0.094 
   2   (0.669) 0.461 0.683 0.906 

Locus 195 : 
2 alleles
0.0% missing data
   2   (0.573) 0.395 0.573 0.757 
   1   (0.427) 0.605 0.427 0.243 

Locus 196 : 
2 alleles
0.0% missing data
   2   (0.708) 0.725 0.929 0.586 
   1   (0.292) 0.275 0.071 0.414 

Locus 197 : 
2 alleles
0.0% missing data
   2   (0.946) 0.998 0.992 0.955 
   1   (0.054) 0.002 0.008 0.045 

Locus 198 : 
2 alleles
0.0% missing data
   2   (0.763) 0.936 0.624 0.913 
   1   (0.237) 0.064 0.376 0.087 

Locus 199 : 
2 alleles
1.9% missing data
   2   (0.941) 0.904 0.998 0.998 
   1   (0.059) 0.096 0.002 0.002 

Locus 200 : 
2 alleles
0.0% missing data
   2   (0.925) 0.998 0.870 0.972 
   1   (0.075) 0.002 0.130 0.028 

Locus 201 : 
2 alleles
0.0% missing data
   2   (0.788) 0.939 0.926 0.653 
   1   (0.212) 0.061 0.074 0.347 

Locus 202 : 
2 alleles
0.0% missing data
   2   (0.670) 0.836 0.862 0.530 
   1   (0.330) 0.164 0.138 0.470 

Locus 203 : 
2 alleles
0.0% missing data
   2   (0.949) 0.869 0.998 0.999 
   1   (0.051) 0.131 0.002 0.001 

Locus 204 : 
2 alleles
0.3% missing data
   1   (0.468) 0.542 0.444 0.364 
   2   (0.532) 0.458 0.556 0.636 

Locus 205 : 
2 alleles
0.0% missing data
   1   (0.393) 0.492 0.287 0.199 
   2   (0.607) 0.508 0.713 0.801 

Locus 206 : 
2 alleles
0.0% missing data
   1   (0.351) 0.464 0.089 0.473 
   2   (0.649) 0.536 0.911 0.527 

Locus 207 : 
2 alleles
0.0% missing data
   2   (0.727) 0.864 0.850 0.714 
   1   (0.273) 0.136 0.150 0.286 

Locus 208 : 
2 alleles
0.0% missing data
   2   (0.861) 0.958 0.969 0.915 
   1   (0.139) 0.042 0.031 0.085 

Locus 209 : 
2 alleles
0.9% missing data
   1   (0.362) 0.121 0.296 0.603 
   2   (0.638) 0.879 0.704 0.397 

Locus 210 : 
2 alleles
0.0% missing data
   2   (0.910) 0.990 0.871 0.994 
   1   (0.090) 0.010 0.129 0.006 

Locus 211 : 
2 alleles
0.3% missing data
   2   (0.622) 0.808 0.653 0.560 
   1   (0.378) 0.192 0.347 0.440 

Locus 212 : 
2 alleles
0.0% missing data
   2   (0.623) 0.766 0.647 0.611 
   1   (0.377) 0.234 0.353 0.389 

Locus 213 : 
2 alleles
0.0% missing data
   1   (0.377) 0.356 0.469 0.149 
   2   (0.623) 0.644 0.531 0.851 

Locus 214 : 
2 alleles
0.3% missing data
   2   (0.493) 0.929 0.372 0.120 
   1   (0.507) 0.071 0.628 0.880 

Locus 215 : 
2 alleles
0.0% missing data
   1   (0.416) 0.326 0.326 0.305 
   2   (0.584) 0.674 0.674 0.695 

Locus 216 : 
2 alleles
0.0% missing data
   2   (0.706) 0.936 0.716 0.551 
   1   (0.294) 0.064 0.284 0.449 

Locus 217 : 
2 alleles
0.0% missing data
   2   (0.794) 0.941 0.887 0.758 
   1   (0.206) 0.059 0.113 0.242 

Locus 218 : 
2 alleles
0.0% missing data
   2   (0.427) 0.653 0.485 0.214 
   1   (0.573) 0.347 0.515 0.786 

Locus 219 : 
2 alleles
0.0% missing data
   2   (0.945) 0.667 0.997 0.998 
   1   (0.055) 0.333 0.003 0.002 

Locus 220 : 
2 alleles
0.0% missing data
   2   (0.599) 0.440 0.768 0.704 
   1   (0.401) 0.560 0.232 0.296 

Locus 221 : 
2 alleles
0.9% missing data
   2   (0.935) 0.998 0.995 0.942 
   1   (0.065) 0.002 0.005 0.058 

Locus 222 : 
2 alleles
0.3% missing data
   2   (0.916) 0.998 0.990 0.853 
   1   (0.084) 0.002 0.010 0.147 

Locus 223 : 
2 alleles
1.2% missing data
   2   (0.809) 0.962 0.906 0.696 
   1   (0.191) 0.038 0.094 0.304 

Locus 224 : 
2 alleles
1.2% missing data
   1   (0.067) 0.160 0.002 0.003 
   2   (0.933) 0.840 0.998 0.997 

Locus 225 : 
2 alleles
0.0% missing data
   1   (0.072) 0.113 0.004 0.005 
   2   (0.928) 0.887 0.996 0.995 

Locus 226 : 
2 alleles
0.0% missing data
   2   (0.700) 0.890 0.876 0.496 
   1   (0.300) 0.110 0.124 0.504 

Locus 227 : 
2 alleles
1.9% missing data
   2   (0.748) 0.960 0.785 0.703 
   1   (0.252) 0.040 0.215 0.297 

Locus 228 : 
2 alleles
0.3% missing data
   1   (0.081) 0.254 0.004 0.003 
   2   (0.919) 0.746 0.996 0.997 

Locus 229 : 
1 alleles
0.0% missing data
   2   (1.000) 1.000 1.000 1.000 

Locus 230 : 
2 alleles
0.3% missing data
   2   (0.771) 0.816 0.883 0.867 
   1   (0.229) 0.184 0.117 0.133 

Locus 231 : 
2 alleles
0.3% missing data
   1   (0.121) 0.217 0.013 0.018 
   2   (0.879) 0.783 0.987 0.982 

Locus 232 : 
2 alleles
0.6% missing data
   2   (0.715) 0.588 0.665 0.937 
   1   (0.285) 0.412 0.335 0.063 

Locus 233 : 
2 alleles
0.0% missing data
   2   (0.512) 0.601 0.441 0.553 
   1   (0.488) 0.399 0.559 0.447 

Locus 234 : 
2 alleles
0.0% missing data
   2   (0.934) 0.999 0.967 0.949 
   1   (0.066) 0.001 0.033 0.051 

Locus 235 : 
2 alleles
0.0% missing data
   1   (0.391) 0.387 0.584 0.151 
   2   (0.609) 0.613 0.416 0.849 

Locus 236 : 
2 alleles
0.3% missing data
   2   (0.670) 0.696 0.622 0.885 
   1   (0.330) 0.304 0.378 0.115 

Locus 237 : 
2 alleles
0.0% missing data
   2   (0.809) 0.911 0.922 0.899 
   1   (0.191) 0.089 0.078 0.101 

Locus 238 : 
2 alleles
0.3% missing data
   1   (0.068) 0.418 0.002 0.002 
   2   (0.932) 0.582 0.998 0.998 

Locus 239 : 
2 alleles
0.0% missing data
   1   (0.435) 0.479 0.474 0.287 
   2   (0.565) 0.521 0.526 0.713 

Locus 240 : 
2 alleles
0.9% missing data
   1   (0.445) 0.594 0.456 0.274 
   2   (0.555) 0.406 0.544 0.726 

Locus 241 : 
2 alleles
0.3% missing data
   1   (0.343) 0.233 0.442 0.184 
   2   (0.657) 0.767 0.558 0.816 

Locus 242 : 
2 alleles
0.3% missing data
   1   (0.201) 0.229 0.063 0.082 
   2   (0.799) 0.771 0.937 0.918 

Locus 243 : 
2 alleles
0.6% missing data
   2   (0.923) 0.854 0.995 0.997 
   1   (0.077) 0.146 0.005 0.003 

Locus 244 : 
1 alleles
0.0% missing data
   2   (1.000) 1.000 1.000 1.000 

Locus 245 : 
2 alleles
0.0% missing data
   2   (0.897) 0.998 0.793 0.924 
   1   (0.103) 0.002 0.207 0.076 

Locus 246 : 
2 alleles
0.0% missing data
   2   (0.948) 0.999 0.997 0.968 
   1   (0.052) 0.001 0.003 0.032 

Locus 247 : 
2 alleles
0.3% missing data
   2   (0.525) 0.824 0.302 0.442 
   1   (0.475) 0.176 0.698 0.558 

Locus 248 : 
2 alleles
1.5% missing data
   2   (0.942) 0.997 0.990 0.996 
   1   (0.058) 0.003 0.010 0.004 

Locus 249 : 
2 alleles
0.0% missing data
   2   (0.947) 0.966 0.999 0.999 
   1   (0.053) 0.034 0.001 0.001 

Locus 250 : 
2 alleles
0.3% missing data
   2   (0.927) 0.999 0.986 0.880 
